40934, 1
41015, 1
41273, 1
43152, 1
46476, 1
48350, 1
48415, 1
48454, 1
48664, 1
48918, 1
48990, 1
49174, 1
49269, 1
49347, 1
49581, 1
49595, 1
49752, 1
49922, 1
49971, 1
50052, 1
50124, 1
50166, 1
50220, 1
50269, 1
50318, 1
50356, 1
50383, 1
50407, 1
50422, 1
50522, 1
50531, 1
50575, 1
50674, 1
50678, 1
50815, 1
50842, 1
50860, 1
50975, 1
51046, 1
51055, 1
51189, 1
51320, 1
51331, 1
51368, 1
51396, 1
51441, 1
51481, 1
51650, 1
51684, 1
51685, 1
51713, 1
51769, 1
51931, 1
51933, 1
52044, 1
52052, 1
52143, 1
52182, 1
52187, 1
52231, 1
52309, 1
52325, 1
52377, 1
52413, 1
52531, 1
52587, 1
52603, 1
52681, 1
52724, 1
52738, 1
52740, 2
52781, 1
52966, 1
52980, 1
53035, 1
53037, 1
53044, 1
53156, 1
53243, 1
53245, 1
53273, 1
53380, 1
53382, 1
53476, 1
53501, 1
53506, 1
53559, 1
53618, 1
53694, 1
53702, 1
53732, 1
53790, 1
53797, 1
53799, 1
53841, 1
53844, 1
53850, 1
54047, 1
54060, 1
54159, 1
54169, 1
54189, 1
54204, 1
54213, 1
54218, 1
54255, 1
54366, 1
54383, 1
54385, 1
54485, 1
54487, 1
54510, 1
54512, 1
54529, 1
54538, 1
54627, 1
54693, 1
54698, 1
54717, 1
54728, 1
54729, 1
54763, 2
54825, 1
54826, 1
54863, 1
54908, 1
54941, 1
54943, 1
54949, 1
54953, 1
55004, 1
55027, 1
55055, 1
55064, 1
55097, 1
55099, 1
55113, 1
55159, 1
55226, 1
55234, 1
55247, 1
55252, 1
55263, 1
55292, 1
55299, 1
55323, 1
55324, 1
55353, 1
55368, 1
55370, 1
55380, 1
55424, 1
55426, 1
55433, 1
55473, 1
55551, 1
55575, 1
55595, 1
55605, 1
55624, 1
55632, 1
55644, 1
55651, 1
55652, 1
55698, 1
55722, 1
55728, 1
55743, 3
55748, 1
55764, 1
55795, 1
55798, 1
55811, 1
55824, 1
55825, 1
55852, 1
55853, 1
55889, 1
55893, 1
55897, 1
55915, 1
55959, 1
55972, 1
55982, 1
55988, 1
55990, 1
56012, 1
56061, 1
56125, 1
56146, 1
56149, 1
56161, 1
56168, 1
56172, 1
56174, 1
56182, 1
56183, 1
56202, 1
56207, 1
56211, 1
56221, 1
56227, 1
56228, 1
56230, 1
56237, 1
56284, 1
56310, 1
56318, 1
56338, 1
56345, 2
56347, 1
56350, 1
56381, 1
56418, 1
56419, 1
56445, 2
56460, 1
56464, 1
56542, 1
56574, 1
56580, 1
56584, 1
56586, 1
56607, 1
56618, 1
56622, 1
56689, 1
56691, 1
56700, 1
56740, 1
56743, 1
56755, 1
56765, 1
56773, 1
56786, 1
56795, 1
56800, 1
56805, 1
56808, 1
56811, 1
56819, 1
56821, 1
56849, 1
56856, 1
56863, 2
56881, 1
56890, 1
56895, 1
56932, 1
56943, 1
56953, 1
56956, 1
56966, 1
56986, 1
56987, 1
56991, 1
56992, 1
57017, 1
57024, 1
57034, 1
57047, 1
57063, 1
57064, 1
57070, 1
57077, 1
57079, 1
57085, 1
57108, 1
57112, 1
57113, 1
57124, 1
57142, 1
57157, 1
57164, 1
57176, 1
57184, 1
57217, 1
57271, 1
57276, 1
57282, 1
57299, 1
57303, 1
57305, 1
57316, 1
57339, 1
57367, 1
57371, 1
57372, 2
57394, 1
57421, 1
57446, 1
57485, 1
57501, 1
57519, 1
57522, 1
57523, 1
57549, 1
57556, 1
57569, 1
57572, 1
57606, 1
57607, 1
57625, 1
57626, 1
57627, 2
57631, 1
57636, 1
57657, 1
57658, 1
57668, 1
57688, 1
57692, 2
57697, 1
57751, 1
57760, 1
57768, 1
57769, 1
57782, 1
57794, 1
57802, 1
57803, 1
57812, 1
57820, 1
57840, 1
57844, 1
57867, 1
57889, 1
57911, 1
57917, 1
57920, 1
57921, 1
57922, 1
57936, 1
57965, 1
57970, 1
57983, 2
57991, 1
57995, 1
58002, 2
58014, 1
58016, 1
58018, 1
58020, 2
58026, 1
58034, 1
58041, 1
58051, 1
58057, 1
58075, 1
58086, 1
58091, 1
58117, 1
58123, 1
58144, 1
58166, 1
58187, 1
58191, 2
58198, 1
58199, 1
58208, 1
58220, 1
58221, 2
58242, 1
58258, 2
58265, 1
58267, 1
58269, 1
58275, 1
58279, 1
58295, 1
58296, 1
58304, 2
58305, 1
58309, 1
58310, 1
58320, 1
58346, 1
58355, 1
58362, 1
58363, 1
58412, 1
58422, 1
58429, 1
58430, 1
58435, 1
58451, 1
58456, 1
58495, 1
58508, 1
58512, 1
58533, 2
58539, 1
58570, 1
58611, 1
58616, 1
58617, 1
58638, 1
58646, 1
58649, 1
58661, 1
58665, 1
58666, 1
58671, 1
58673, 1
58676, 1
58693, 2
58695, 1
58706, 2
58718, 1
58724, 1
58737, 1
58751, 1
58767, 1
58774, 1
58779, 1
58784, 1
58791, 1
58797, 1
58803, 1
58810, 1
58811, 1
58812, 1
58814, 1
58823, 1
58824, 1
58835, 1
58836, 1
58845, 1
58856, 1
58858, 1
58871, 2
58907, 1
58910, 1
58925, 1
58927, 2
58933, 1
58953, 1
58956, 1
58961, 1
58966, 1
58974, 1
58982, 1
58987, 1
58988, 1
58990, 1
59001, 1
59005, 1
59013, 1
59017, 1
59030, 1
59032, 1
59041, 1
59042, 1
59049, 1
59055, 1
59056, 1
59062, 1
59066, 1
59076, 1
59096, 1
59098, 1
59111, 2
59112, 1
59122, 1
59123, 1
59124, 1
59128, 1
59134, 1
59136, 1
59142, 1
59159, 1
59175, 1
59189, 1
59190, 1
59191, 1
59219, 1
59231, 1
59233, 1
59241, 1
59243, 2
59249, 1
59251, 2
59255, 1
59256, 1
59259, 1
59280, 2
59283, 1
59285, 1
59288, 1
59294, 1
59304, 1
59309, 1
59316, 2
59327, 1
59342, 1
59343, 1
59360, 1
59374, 1
59391, 1
59392, 1
59394, 1
59398, 1
59412, 1
59414, 1
59441, 1
59459, 1
59494, 1
59495, 1
59500, 1
59501, 1
59503, 1
59510, 1
59511, 1
59512, 1
59517, 1
59524, 1
59546, 1
59554, 1
59564, 1
59568, 1
59588, 1
59589, 1
59593, 1
59608, 1
59611, 1
59621, 1
59630, 1
59645, 1
59646, 1
59661, 1
59670, 1
59673, 1
59680, 1
59695, 1
59697, 1
59699, 1
59702, 1
59703, 1
59706, 2
59710, 1
59711, 1
59716, 1
59723, 1
59737, 1
59745, 1
59752, 1
59778, 1
59780, 1
59784, 1
59790, 2
59792, 1
59800, 1
59809, 1
59817, 1
59818, 2
59832, 1
59852, 1
59853, 1
59866, 1
59871, 1
59882, 2
59887, 1
59892, 1
59898, 1
59902, 1
59908, 1
59914, 2
59915, 1
59918, 1
59923, 1
59930, 1
59954, 1
59955, 1
59958, 1
59959, 1
59964, 1
59969, 1
59973, 1
59976, 2
59985, 1
59989, 1
60010, 1
60012, 1
60017, 1
60038, 1
60039, 1
60041, 1
60048, 1
60063, 1
60069, 1
60072, 1
60077, 1
60090, 1
60094, 1
60101, 1
60112, 1
60113, 1
60117, 1
60121, 1
60128, 1
60133, 1
60152, 1
60169, 1
60199, 1
60202, 1
60217, 1
60220, 1
60221, 1
60237, 1
60253, 1
60260, 1
60265, 1
60268, 1
60270, 1
60275, 1
60278, 1
60308, 1
60313, 2
60319, 1
60323, 1
60328, 1
60331, 1
60332, 1
60334, 1
60342, 1
60347, 1
60374, 2
60375, 1
60380, 1
60381, 1
60385, 1
60392, 1
60397, 1
60408, 1
60409, 1
60421, 1
60423, 1
60426, 1
60427, 1
60455, 1
60458, 1
60460, 1
60462, 1
60463, 2
60480, 1
60485, 1
60495, 1
60496, 1
60499, 1
60503, 1
60504, 1
60510, 1
60511, 1
60513, 1
60514, 1
60519, 1
60520, 1
60523, 1
60533, 1
60541, 1
60543, 2
60547, 1
60548, 1
60549, 1
60550, 2
60554, 1
60558, 2
60560, 1
60562, 1
60572, 1
60576, 2
60585, 1
60592, 1
60609, 1
60614, 1
60617, 1
60620, 1
60626, 1
60627, 1
60632, 1
60644, 2
60646, 1
60647, 1
60651, 1
60652, 1
60653, 1
60658, 1
60666, 1
60675, 1
60683, 1
60684, 1
60687, 1
60693, 2
60695, 1
60703, 1
60709, 1
60715, 1
60717, 1
60719, 1
60731, 1
60736, 1
60740, 1
60742, 1
60746, 1
60759, 1
60796, 1
60797, 1
60801, 1
60803, 1
60821, 1
60827, 1
60829, 1
60841, 1
60862, 1
60863, 1
60874, 1
60877, 1
60887, 1
60890, 1
60895, 1
60896, 1
60898, 2
60904, 1
60909, 1
60910, 1
60916, 1
60921, 1
60926, 1
60934, 1
60935, 1
60938, 1
60941, 1
60946, 1
60948, 1
60950, 1
60951, 1
60979, 1
60980, 1
60994, 1
60996, 1
61003, 1
61007, 1
61010, 1
61024, 1
61027, 1
61034, 1
61046, 1
61052, 1
61054, 1
61056, 1
61067, 1
61069, 1
61077, 1
61103, 1
61106, 1
61113, 1
61116, 1
61122, 1
61123, 1
61125, 2
61137, 1
61141, 1
61145, 1
61149, 1
61154, 1
61159, 1
61171, 1
61173, 1
61175, 1
61183, 1
61185, 1
61190, 1
61196, 1
61200, 1
61203, 1
61231, 1
61238, 1
61240, 1
61246, 1
61248, 1
61253, 1
61258, 1
61261, 1
61267, 1
61275, 1
61293, 1
61300, 1
61304, 1
61305, 1
61307, 1
61314, 2
61318, 1
61320, 1
61321, 1
61331, 1
61351, 1
61359, 1
61360, 1
61361, 1
61364, 1
61369, 1
61375, 1
61384, 1
61388, 1
61390, 1
61392, 1
61401, 1
61402, 1
61408, 2
61410, 1
61412, 1
61422, 1
61423, 1
61426, 1
61443, 1
61448, 1
61449, 1
61458, 1
61460, 1
61464, 1
61465, 1
61472, 1
61473, 1
61475, 2
61477, 1
61481, 1
61483, 1
61491, 3
61495, 1
61499, 1
61515, 2
61518, 1
61537, 1
61545, 1
61559, 1
61564, 1
61573, 1
61578, 1
61581, 1
61595, 1
61609, 1
61616, 1
61627, 1
61638, 1
61640, 1
61642, 2
61649, 1
61651, 1
61660, 1
61662, 1
61673, 1
61685, 1
61690, 2
61691, 1
61693, 1
61696, 1
61709, 1
61710, 1
61715, 1
61722, 1
61730, 1
61734, 1
61737, 1
61740, 1
61765, 1
61768, 1
61778, 1
61779, 1
61781, 1
61784, 1
61791, 1
61792, 1
61799, 1
61800, 1
61805, 2
61806, 1
61808, 1
61814, 1
61819, 1
61822, 1
61832, 1
61837, 1
61842, 1
61845, 1
61851, 1
61853, 1
61855, 1
61858, 1
61861, 1
61865, 1
61874, 1
61889, 1
61895, 1
61896, 1
61918, 1
61921, 1
61922, 1
61932, 1
61938, 1
61940, 2
61948, 1
61951, 1
61952, 1
61955, 2
61959, 1
61961, 1
61967, 1
61971, 1
61979, 1
61980, 1
61987, 1
61989, 3
61994, 2
61998, 1
62002, 1
62017, 2
62018, 1
62022, 1
62031, 2
62032, 1
62037, 1
62040, 1
62052, 1
62065, 1
62067, 1
62071, 2
62073, 1
62078, 1
62096, 1
62101, 1
62105, 2
62106, 1
62107, 1
62115, 1
62118, 1
62122, 1
62131, 1
62137, 1
62140, 1
62141, 1
62145, 2
62155, 1
62156, 1
62158, 2
62159, 1
62163, 1
62167, 1
62176, 1
62181, 2
62182, 1
62190, 2
62191, 2
62198, 3
62202, 1
62203, 1
62204, 1
62206, 1
62218, 1
62221, 1
62222, 1
62224, 1
62228, 1
62231, 1
62238, 1
62242, 1
62258, 1
62267, 1
62268, 1
62280, 1
62283, 2
62290, 1
62300, 2
62305, 1
62308, 1
62312, 1
62316, 1
62318, 1
62323, 1
62325, 1
62326, 1
62329, 1
62332, 1
62335, 2
62338, 2
62346, 1
62351, 1
62358, 1
62366, 1
62370, 2
62371, 1
62384, 1
62386, 1
62395, 1
62397, 1
62398, 1
62399, 1
62401, 1
62406, 2
62411, 1
62413, 1
62415, 1
62416, 1
62426, 1
62427, 1
62435, 1
62437, 1
62439, 1
62443, 2
62448, 1
62453, 1
62458, 1
62461, 1
62462, 1
62466, 1
62468, 1
62476, 1
62484, 1
62504, 1
62508, 1
62514, 1
62523, 1
62527, 1
62531, 1
62533, 1
62535, 1
62536, 1
62538, 1
62540, 1
62544, 1
62546, 1
62550, 2
62553, 1
62556, 1
62563, 1
62564, 1
62565, 1
62567, 1
62569, 1
62573, 1
62586, 1
62602, 1
62605, 1
62607, 2
62608, 2
62609, 1
62611, 1
62616, 1
62623, 1
62624, 1
62631, 2
62634, 1
62635, 1
62636, 1
62638, 1
62663, 2
62665, 1
62667, 1
62669, 1
62673, 1
62674, 1
62675, 2
62681, 1
62687, 1
62688, 1
62697, 1
62699, 1
62714, 1
62720, 2
62722, 1
62725, 1
62731, 1
62744, 1
62747, 1
62748, 1
62755, 1
62756, 1
62765, 1
62770, 2
62772, 1
62777, 1
62779, 1
62797, 1
62798, 1
62802, 1
62807, 1
62814, 1
62817, 1
62818, 1
62819, 1
62828, 1
62830, 1
62832, 1
62837, 1
62838, 1
62840, 1
62841, 1
62845, 1
62852, 1
62855, 1
62857, 1
62858, 1
62872, 2
62879, 2
62881, 2
62892, 1
62896, 1
62903, 1
62905, 1
62907, 1
62909, 1
62910, 1
62913, 1
62917, 1
62929, 1
62938, 1
62944, 3
62946, 1
62956, 1
62963, 1
62969, 1
62974, 1
62977, 1
62980, 1
62981, 1
63003, 1
63010, 1
63014, 1
63017, 1
63019, 1
63020, 2
63028, 1
63029, 2
63033, 1
63034, 1
63035, 1
63037, 1
63045, 1
63048, 1
63049, 1
63064, 1
63078, 1
63079, 1
63088, 1
63091, 1
63093, 1
63095, 2
63096, 1
63100, 1
63102, 1
63103, 1
63104, 1
63106, 1
63107, 1
63108, 1
63110, 1
63111, 2
63116, 1
63118, 1
63121, 1
63132, 1
63140, 1
63141, 1
63145, 1
63148, 1
63150, 2
63151, 1
63153, 1
63157, 1
63163, 3
63171, 1
63174, 1
63177, 1
63181, 2
63184, 1
63192, 1
63196, 1
63197, 1
63200, 1
63203, 1
63204, 1
63205, 1
63208, 2
63222, 1
63229, 1
63231, 1
63235, 2
63240, 1
63241, 1
63242, 1
63244, 1
63245, 2
63248, 1
63249, 1
63258, 1
63262, 1
63263, 1
63264, 1
63265, 1
63266, 1
63270, 1
63271, 1
63279, 1
63282, 1
63285, 1
63289, 1
63291, 1
63292, 1
63297, 2
63305, 1
63310, 1
63312, 1
63313, 2
63315, 1
63319, 1
63321, 2
63322, 1
63329, 1
63335, 1
63338, 1
63346, 1
63356, 1
63358, 1
63359, 1
63365, 1
63368, 1
63371, 2
63372, 1
63383, 1
63384, 2
63400, 1
63406, 1
63408, 2
63409, 1
63416, 1
63420, 1
63424, 1
63429, 1
63433, 1
63434, 1
63438, 1
63443, 1
63447, 1
63450, 1
63452, 1
63454, 1
63460, 2
63462, 1
63466, 1
63468, 1
63477, 1
63481, 1
63484, 1
63487, 2
63491, 1
63501, 1
63505, 1
63507, 1
63512, 1
63521, 1
63529, 1
63531, 1
63538, 1
63541, 2
63543, 1
63547, 1
63549, 1
63552, 1
63559, 1
63572, 1
63574, 2
63576, 1
63579, 1
63586, 1
63597, 2
63599, 1
63600, 1
63609, 1
63611, 1
63617, 1
63618, 1
63626, 1
63627, 1
63629, 1
63638, 1
63644, 1
63656, 2
63659, 1
63660, 2
63668, 1
63673, 1
63680, 1
63683, 1
63685, 3
63689, 2
63697, 1
63700, 1
63704, 1
63707, 2
63715, 1
63739, 1
63747, 1
63750, 1
63753, 1
63755, 1
63756, 1
63758, 1
63759, 1
63761, 1
63764, 1
63765, 1
63766, 1
63769, 1
63774, 1
63782, 2
63784, 1
63785, 1
63788, 1
63792, 1
63798, 1
63800, 1
63803, 2
63804, 1
63807, 1
63809, 1
63814, 1
63819, 2
63821, 2
63822, 1
63826, 1
63845, 1
63846, 1
63847, 1
63848, 1
63851, 1
63852, 1
63858, 1
63862, 1
63863, 1
63871, 1
63873, 1
63874, 1
63876, 1
63877, 1
63882, 1
63896, 1
63900, 1
63901, 1
63904, 1
63908, 1
63909, 1
63913, 1
63929, 2
63931, 2
63935, 1
63940, 1
63943, 1
63953, 1
63954, 1
63957, 2
63962, 1
63967, 1
63972, 1
63974, 2
63975, 1
63978, 1
63982, 2
63983, 1
63990, 2
63991, 1
63993, 1
64005, 1
64010, 1
64021, 1
64024, 1
64028, 1
64029, 1
64031, 1
64034, 2
64037, 1
64042, 1
64043, 1
64052, 1
64055, 1
64058, 1
64059, 1
64061, 1
64075, 1
64080, 1
64083, 1
64084, 1
64085, 1
64093, 1
64095, 1
64101, 1
64105, 2
64108, 1
64113, 1
64114, 1
64119, 1
64120, 2
64135, 1
64140, 1
64148, 1
64151, 1
64153, 1
64157, 1
64161, 1
64167, 2
64169, 2
64179, 1
64182, 1
64185, 1
64187, 1
64190, 1
64191, 1
64192, 1
64196, 1
64197, 1
64204, 1
64206, 1
64211, 1
64213, 1
64219, 1
64220, 2
64223, 2
64224, 2
64225, 2
64229, 1
64232, 1
64236, 1
64238, 1
64245, 1
64246, 1
64247, 1
64250, 1
64261, 1
64263, 1
64264, 2
64273, 3
64282, 1
64284, 1
64287, 1
64291, 1
64293, 1
64296, 1
64297, 1
64301, 1
64303, 1
64317, 1
64321, 1
64327, 2
64328, 1
64330, 4
64331, 1
64333, 1
64334, 1
64338, 1
64341, 1
64349, 1
64354, 1
64355, 1
64356, 1
64359, 2
64361, 1
64368, 2
64370, 2
64377, 1
64380, 1
64381, 3
64388, 2
64389, 1
64391, 1
64392, 1
64404, 1
64406, 1
64412, 1
64414, 1
64419, 1
64425, 2
64427, 1
64428, 1
64430, 3
64442, 1
64448, 1
64449, 1
64458, 1
64460, 1
64462, 2
64466, 1
64467, 1
64472, 1
64473, 1
64474, 2
64477, 1
64478, 1
64481, 1
64483, 1
64486, 1
64491, 1
64492, 1
64493, 1
64499, 1
64500, 1
64504, 1
64505, 1
64507, 1
64510, 1
64519, 1
64520, 1
64521, 1
64526, 1
64530, 1
64535, 1
64537, 1
64538, 1
64542, 1
64549, 1
64551, 1
64552, 1
64555, 1
64556, 1
64559, 1
64567, 1
64572, 1
64573, 1
64576, 1
64580, 1
64581, 1
64582, 1
64585, 1
64594, 1
64596, 1
64604, 1
64610, 1
64615, 2
64617, 1
64621, 1
64624, 1
64625, 1
64626, 1
64627, 1
64633, 4
64636, 1
64642, 2
64647, 1
64650, 1
64654, 1
64656, 1
64659, 1
64666, 1
64676, 1
64681, 1
64685, 1
64692, 1
64694, 1
64696, 1
64703, 1
64704, 1
64705, 1
64706, 1
64715, 1
64717, 1
64719, 1
64721, 1
64724, 1
64726, 1
64729, 1
64731, 1
64739, 1
64740, 1
64742, 2
64744, 2
64745, 1
64748, 1
64749, 1
64751, 1
64752, 1
64755, 2
64757, 1
64761, 1
64762, 3
64763, 1
64767, 2
64771, 1
64786, 1
64790, 1
64791, 1
64798, 3
64799, 1
64801, 1
64805, 1
64808, 1
64809, 1
64810, 2
64814, 1
64819, 2
64820, 1
64821, 1
64827, 1
64831, 1
64835, 1
64837, 1
64839, 1
64843, 2
64844, 1
64846, 1
64848, 1
64849, 1
64850, 1
64855, 1
64857, 1
64862, 2
64869, 1
64874, 1
64876, 2
64877, 1
64883, 1
64885, 2
64886, 1
64890, 2
64891, 1
64893, 1
64898, 1
64899, 1
64901, 2
64907, 1
64913, 1
64921, 1
64922, 2
64924, 1
64927, 1
64929, 1
64936, 1
64938, 1
64939, 1
64945, 1
64947, 2
64950, 2
64951, 1
64953, 1
64955, 1
64965, 2
64970, 1
64972, 1
64973, 1
64975, 1
64976, 1
64978, 1
64979, 1
64982, 1
64987, 1
64994, 1
64996, 1
64999, 1
65003, 1
65009, 1
65010, 2
65021, 1
65023, 1
65024, 1
65029, 1
65031, 2
65034, 1
65035, 1
65041, 1
65045, 2
65047, 1
65050, 2
65058, 1
65059, 1
65061, 2
65067, 1
65070, 1
65072, 1
65074, 2
65077, 1
65078, 1
65081, 1
65082, 1
65091, 1
65092, 1
65093, 1
65094, 1
65099, 1
65103, 1
65104, 1
65112, 1
65114, 1
65122, 1
65129, 2
65138, 1
65140, 1
65149, 1
65152, 1
65155, 2
65159, 1
65160, 1
65162, 1
65164, 1
65168, 1
65169, 1
65173, 1
65175, 1
65178, 2
65182, 2
65191, 1
65194, 2
65201, 2
65202, 1
65205, 1
65208, 1
65210, 1
65212, 1
65217, 1
65221, 1
65230, 1
65235, 1
65238, 1
65240, 1
65241, 1
65242, 1
65252, 1
65254, 1
65261, 1
65262, 1
65265, 1
65267, 1
65268, 3
65275, 1
65277, 1
65278, 1
65286, 1
65293, 1
65294, 1
65295, 1
65297, 1
65299, 1
65300, 1
65304, 1
65305, 1
65306, 1
65307, 1
65308, 2
65309, 1
65312, 1
65314, 1
65315, 2
65318, 2
65319, 2
65321, 2
65325, 1
65331, 1
65333, 2
65335, 2
65345, 1
65349, 1
65360, 1
65367, 1
65369, 1
65370, 2
65372, 1
65373, 2
65375, 1
65377, 2
65380, 1
65381, 2
65385, 1
65388, 1
65389, 2
65392, 1
65395, 1
65398, 1
65400, 1
65402, 1
65406, 1
65407, 1
65409, 1
65411, 1
65415, 1
65416, 1
65417, 1
65421, 1
65422, 1
65426, 1
65427, 1
65428, 1
65429, 1
65435, 1
65438, 1
65441, 1
65442, 1
65450, 1
65451, 1
65453, 1
65456, 2
65458, 1
65465, 1
65468, 1
65472, 1
65474, 1
65476, 1
65478, 1
65480, 1
65482, 1
65485, 2
65486, 1
65487, 1
65491, 1
65494, 1
65495, 1
65498, 2
65502, 1
65504, 1
65505, 1
65511, 1
65515, 1
65516, 1
65517, 1
65524, 1
65528, 1
65530, 1
65535, 1
65536, 1
65537, 1
65540, 1
65544, 2
65546, 1
65547, 1
65549, 3
65550, 1
65553, 1
65554, 1
65557, 1
65565, 1
65567, 1
65568, 1
65569, 1
65578, 2
65587, 2
65588, 1
65589, 2
65597, 2
65598, 1
65599, 1
65601, 1
65603, 1
65613, 1
65615, 1
65617, 1
65618, 1
65622, 1
65625, 1
65634, 1
65636, 2
65637, 1
65642, 1
65644, 1
65645, 1
65654, 1
65655, 2
65656, 1
65662, 2
65664, 1
65665, 1
65672, 1
65673, 1
65680, 1
65681, 1
65682, 2
65684, 2
65686, 1
65688, 1
65689, 1
65690, 1
65691, 1
65692, 2
65695, 1
65699, 1
65701, 2
65702, 1
65704, 1
65705, 2
65706, 1
65708, 1
65709, 1
65714, 1
65716, 1
65718, 1
65724, 1
65727, 1
65728, 1
65732, 1
65734, 2
65735, 1
65740, 1
65743, 1
65746, 1
65747, 2
65748, 1
65752, 1
65755, 1
65756, 1
65764, 1
65771, 1
65773, 1
65776, 1
65778, 2
65782, 1
65783, 1
65786, 1
65787, 1
65788, 3
65792, 1
65794, 1
65796, 1
65797, 3
65803, 1
65808, 1
65816, 2
65817, 1
65824, 1
65828, 3
65831, 1
65832, 1
65834, 2
65840, 1
65842, 2
65859, 1
65860, 1
65863, 1
65868, 1
65871, 1
65872, 2
65873, 1
65874, 1
65876, 1
65879, 1
65883, 3
65892, 1
65893, 1
65894, 1
65895, 1
65900, 1
65905, 1
65908, 2
65909, 1
65912, 1
65926, 1
65928, 1
65931, 1
65933, 2
65934, 1
65937, 1
65940, 2
65942, 2
65943, 1
65948, 1
65949, 2
65950, 2
65951, 1
65953, 2
65954, 1
65957, 1
65959, 1
65962, 1
65966, 2
65967, 2
65968, 1
65969, 1
65970, 2
65985, 2
65986, 1
65990, 1
65992, 2
65996, 2
65997, 1
65999, 1
66000, 2
66003, 1
66011, 1
66018, 1
66023, 1
66026, 1
66028, 2
66037, 1
66040, 1
66048, 2
66049, 1
66051, 2
66054, 1
66059, 2
66060, 1
66062, 1
66065, 1
66067, 3
66070, 1
66071, 1
66076, 1
66080, 1
66083, 1
66084, 1
66086, 1
66087, 1
66091, 1
66092, 1
66093, 2
66095, 1
66097, 1
66100, 1
66102, 1
66103, 1
66105, 1
66108, 1
66110, 1
66111, 1
66117, 1
66120, 2
66123, 1
66127, 2
66128, 2
66132, 1
66133, 2
66136, 1
66141, 1
66142, 1
66144, 1
66145, 1
66147, 2
66148, 1
66150, 1
66152, 2
66155, 1
66156, 1
66158, 1
66159, 2
66161, 1
66163, 2
66169, 1
66171, 1
66172, 1
66177, 2
66178, 1
66185, 1
66187, 1
66188, 1
66189, 1
66193, 1
66195, 1
66196, 1
66198, 2
66204, 3
66206, 1
66207, 1
66208, 1
66209, 1
66211, 1
66219, 1
66220, 1
66228, 1
66230, 1
66232, 1
66234, 1
66235, 1
66237, 1
66241, 1
66242, 1
66245, 1
66247, 2
66248, 2
66249, 1
66250, 1
66251, 1
66252, 1
66257, 1
66260, 1
66263, 1
66264, 1
66265, 1
66266, 1
66267, 1
66268, 1
66273, 1
66274, 1
66275, 1
66278, 1
66295, 1
66298, 1
66300, 1
66303, 1
66305, 1
66306, 1
66307, 1
66308, 1
66312, 1
66316, 1
66317, 1
66319, 1
66320, 3
66323, 1
66328, 1
66329, 2
66330, 1
66332, 1
66333, 2
66334, 1
66336, 2
66341, 1
66344, 1
66345, 1
66347, 1
66350, 1
66356, 1
66358, 1
66361, 1
66370, 1
66372, 1
66373, 1
66374, 1
66375, 1
66378, 1
66381, 1
66382, 1
66383, 1
66385, 1
66399, 1
66401, 1
66402, 2
66404, 2
66405, 1
66408, 2
66413, 1
66415, 1
66418, 1
66419, 1
66420, 1
66424, 2
66426, 1
66429, 1
66435, 1
66437, 1
66439, 1
66443, 1
66448, 1
66450, 1
66451, 1
66452, 1
66457, 2
66462, 1
66467, 1
66474, 2
66480, 1
66482, 1
66483, 1
66489, 2
66490, 1
66494, 1
66499, 1
66514, 1
66515, 1
66518, 1
66523, 1
66533, 1
66537, 1
66540, 1
66541, 1
66542, 1
66544, 1
66546, 1
66550, 1
66559, 1
66560, 1
66561, 1
66566, 1
66569, 1
66571, 2
66572, 1
66575, 1
66576, 1
66583, 2
66585, 1
66593, 1
66596, 1
66597, 1
66602, 1
66604, 1
66609, 1
66610, 2
66614, 3
66617, 1
66619, 1
66623, 1
66630, 2
66631, 1
66634, 1
66635, 2
66636, 1
66640, 1
66641, 2
66642, 3
66645, 1
66647, 1
66651, 1
66652, 1
66655, 3
66660, 1
66661, 2
66665, 1
66668, 1
66669, 2
66670, 1
66671, 2
66672, 1
66673, 2
66674, 1
66677, 2
66679, 1
66680, 1
66681, 1
66688, 1
66690, 1
66692, 2
66694, 1
66695, 1
66697, 1
66699, 1
66702, 2
66703, 1
66704, 2
66706, 1
66707, 3
66708, 1
66709, 1
66719, 1
66724, 2
66725, 2
66729, 1
66730, 2
66731, 1
66735, 1
66737, 2
66744, 2
66745, 1
66753, 2
66754, 1
66755, 2
66757, 1
66758, 1
66765, 1
66769, 1
66770, 1
66772, 1
66777, 1
66780, 1
66789, 1
66792, 1
66797, 1
66803, 1
66807, 1
66814, 1
66815, 1
66820, 1
66821, 1
66825, 2
66827, 2
66828, 1
66835, 1
66836, 1
66837, 1
66842, 1
66844, 1
66845, 1
66846, 2
66847, 1
66849, 2
66852, 1
66853, 1
66855, 1
66856, 1
66857, 1
66862, 2
66863, 2
66866, 1
66875, 2
66879, 1
66881, 2
66883, 2
66884, 1
66885, 1
66887, 1
66892, 1
66895, 1
66897, 2
66903, 2
66905, 1
66909, 1
66911, 1
66912, 1
66914, 1
66915, 1
66920, 1
66926, 1
66930, 1
66934, 2
66939, 1
66950, 2
66953, 1
66955, 2
66957, 1
66960, 3
66961, 3
66964, 1
66968, 1
66974, 2
66976, 2
66977, 1
66982, 1
66983, 1
66988, 1
66990, 1
67001, 2
67012, 1
67014, 1
67015, 1
67019, 1
67022, 1
67024, 2
67027, 1
67028, 1
67031, 1
67033, 1
67036, 1
67038, 1
67039, 1
67043, 2
67049, 1
67050, 1
67051, 2
67052, 1
67054, 2
67056, 1
67060, 1
67063, 1
67064, 1
67070, 1
67071, 1
67074, 1
67077, 1
67081, 1
67083, 1
67087, 1
67091, 1
67092, 1
67093, 1
67095, 1
67096, 1
67098, 2
67102, 1
67103, 1
67104, 1
67106, 2
67118, 1
67120, 1
67121, 1
67125, 1
67131, 1
67132, 2
67134, 1
67136, 1
67137, 1
67139, 1
67145, 1
67151, 2
67153, 3
67154, 2
67160, 1
67163, 1
67170, 1
67175, 1
67176, 1
67178, 1
67182, 1
67188, 1
67190, 1
67193, 2
67194, 1
67203, 1
67205, 1
67208, 1
67209, 1
67212, 1
67216, 2
67218, 2
67219, 1
67221, 1
67227, 2
67228, 1
67229, 1
67235, 1
67237, 2
67238, 1
67241, 1
67244, 1
67246, 1
67252, 1
67254, 1
67256, 2
67260, 1
67262, 1
67264, 1
67266, 1
67269, 1
67272, 1
67273, 1
67274, 1
67286, 1
67289, 1
67290, 5
67293, 1
67298, 2
67299, 1
67304, 1
67305, 2
67313, 1
67315, 1
67323, 1
67324, 1
67325, 1
67327, 1
67333, 1
67337, 1
67342, 3
67344, 1
67345, 2
67347, 1
67348, 1
67350, 1
67358, 1
67361, 1
67363, 3
67364, 1
67369, 1
67370, 1
67376, 2
67377, 2
67381, 2
67384, 1
67390, 1
67394, 1
67395, 1
67398, 1
67403, 1
67405, 2
67407, 1
67408, 2
67409, 2
67411, 1
67412, 1
67421, 1
67423, 1
67425, 1
67427, 1
67431, 1
67433, 1
67434, 1
67439, 2
67442, 1
67445, 1
67446, 1
67451, 1
67453, 1
67454, 1
67455, 1
67456, 1
67457, 1
67458, 1
67459, 1
67460, 1
67461, 1
67464, 2
67466, 2
67470, 1
67472, 1
67474, 1
67475, 2
67480, 1
67481, 1
67483, 1
67485, 2
67487, 1
67488, 1
67498, 1
67501, 1
67508, 1
67509, 1
67511, 3
67513, 1
67515, 1
67516, 1
67517, 1
67522, 1
67527, 1
67532, 1
67534, 3
67539, 1
67543, 1
67546, 1
67549, 2
67550, 1
67552, 1
67553, 1
67555, 1
67558, 1
67561, 1
67567, 1
67569, 1
67571, 1
67572, 1
67575, 1
67576, 1
67577, 1
67579, 1
67583, 1
67587, 1
67590, 1
67591, 1
67594, 1
67597, 1
67601, 1
67605, 1
67610, 3
67615, 1
67616, 1
67620, 1
67624, 1
67625, 1
67627, 1
67631, 1
67632, 1
67637, 1
67638, 1
67646, 1
67650, 1
67652, 1
67655, 1
67656, 1
67660, 1
67661, 1
67665, 1
67667, 1
67671, 3
67673, 2
67674, 1
67677, 1
67683, 2
67685, 1
67687, 2
67688, 1
67696, 1
67697, 1
67698, 1
67702, 1
67703, 1
67705, 1
67706, 1
67707, 1
67708, 1
67709, 1
67719, 1
67726, 1
67730, 1
67731, 1
67735, 1
67740, 1
67743, 1
67749, 2
67752, 1
67757, 1
67758, 1
67761, 1
67771, 1
67775, 2
67780, 1
67781, 1
67787, 1
67790, 1
67791, 1
67792, 1
67797, 1
67800, 1
67803, 1
67805, 1
67806, 1
67809, 1
67810, 1
67811, 1
67812, 1
67814, 1
67816, 1
67820, 1
67822, 1
67825, 1
67826, 1
67828, 1
67830, 1
67834, 1
67836, 1
67837, 1
67838, 2
67840, 1
67841, 1
67842, 1
67847, 2
67850, 2
67851, 1
67854, 1
67856, 3
67858, 1
67859, 1
67863, 1
67866, 1
67867, 1
67868, 1
67869, 1
67871, 1
67874, 1
67875, 1
67880, 2
67884, 1
67885, 2
67886, 1
67887, 1
67889, 2
67893, 1
67895, 1
67896, 2
67899, 1
67901, 1
67905, 1
67909, 1
67910, 2
67912, 1
67913, 1
67915, 1
67916, 1
67918, 1
67921, 1
67927, 1
67931, 1
67937, 1
67941, 2
67949, 1
67951, 1
67952, 1
67954, 1
67955, 1
67956, 1
67957, 1
67976, 3
67978, 1
67981, 1
67983, 1
67984, 1
67986, 1
67987, 1
67988, 1
67990, 1
67995, 1
68000, 1
68001, 2
68003, 1
68006, 1
68007, 1
68017, 1
68019, 1
68020, 1
68023, 1
68025, 1
68026, 3
68029, 1
68033, 1
68037, 1
68041, 1
68052, 1
68053, 1
68059, 1
68060, 1
68066, 1
68072, 1
68077, 1
68080, 1
68081, 1
68083, 1
68084, 2
68087, 1
68092, 1
68093, 1
68099, 3
68101, 2
68104, 1
68105, 1
68106, 1
68107, 1
68110, 2
68111, 1
68116, 1
68117, 1
68118, 1
68120, 1
68121, 1
68123, 1
68127, 1
68128, 1
68130, 1
68133, 1
68137, 1
68138, 1
68140, 1
68141, 2
68143, 1
68153, 2
68155, 1
68156, 1
68157, 1
68160, 2
68162, 1
68163, 2
68165, 1
68166, 1
68168, 1
68169, 2
68171, 1
68172, 2
68176, 1
68178, 1
68185, 1
68189, 1
68190, 1
68191, 2
68196, 1
68197, 1
68198, 2
68201, 1
68202, 1
68203, 1
68207, 1
68208, 1
68209, 1
68213, 1
68214, 1
68219, 1
68221, 1
68222, 2
68226, 1
68228, 2
68229, 1
68232, 1
68233, 1
68235, 1
68238, 1
68241, 1
68245, 2
68247, 1
68248, 2
68251, 1
68257, 1
68260, 1
68261, 3
68263, 1
68266, 2
68268, 2
68269, 1
68273, 1
68274, 1
68275, 1
68276, 4
68280, 1
68281, 1
68289, 1
68292, 2
68294, 1
68297, 4
68298, 1
68301, 3
68302, 1
68303, 1
68304, 1
68306, 1
68315, 1
68317, 1
68321, 1
68329, 2
68331, 1
68336, 1
68337, 1
68341, 1
68342, 1
68343, 1
68344, 1
68349, 3
68351, 1
68356, 1
68358, 1
68359, 1
68363, 1
68364, 1
68365, 1
68368, 1
68370, 1
68376, 1
68377, 1
68379, 2
68380, 1
68383, 1
68384, 1
68389, 2
68393, 1
68394, 1
68395, 1
68396, 2
68397, 1
68398, 2
68399, 1
68403, 2
68408, 1
68411, 2
68412, 1
68413, 1
68414, 1
68420, 1
68424, 1
68429, 1
68435, 1
68436, 1
68437, 1
68440, 1
68442, 1
68444, 1
68445, 1
68447, 2
68448, 1
68450, 1
68451, 2
68452, 1
68454, 1
68460, 1
68462, 1
68468, 1
68478, 1
68480, 1
68483, 2
68484, 2
68485, 1
68488, 1
68489, 2
68491, 1
68492, 1
68493, 1
68495, 1
68496, 1
68500, 1
68502, 1
68503, 1
68516, 3
68518, 1
68519, 1
68523, 3
68526, 1
68533, 1
68535, 1
68536, 1
68537, 1
68539, 2
68541, 1
68542, 1
68544, 1
68547, 1
68548, 2
68551, 1
68555, 1
68556, 1
68561, 1
68563, 1
68564, 1
68568, 2
68572, 1
68574, 1
68577, 1
68578, 3
68580, 1
68585, 1
68586, 2
68587, 2
68589, 1
68591, 2
68593, 1
68594, 1
68599, 1
68603, 1
68605, 1
68607, 1
68609, 1
68610, 1
68612, 2
68615, 1
68616, 1
68619, 1
68621, 1
68625, 1
68627, 1
68629, 1
68632, 1
68633, 1
68634, 1
68636, 2
68637, 1
68638, 2
68639, 1
68644, 2
68646, 1
68647, 1
68648, 1
68650, 1
68652, 1
68657, 1
68666, 1
68671, 1
68672, 1
68675, 2
68678, 2
68681, 1
68685, 2
68686, 2
68689, 1
68692, 1
68694, 1
68697, 1
68700, 2
68705, 1
68706, 1
68707, 1
68709, 3
68712, 1
68713, 3
68714, 2
68721, 2
68722, 1
68729, 1
68731, 2
68735, 1
68736, 1
68740, 1
68746, 2
68750, 1
68751, 1
68753, 2
68754, 1
68758, 1
68759, 1
68760, 1
68762, 1
68763, 1
68766, 1
68767, 1
68771, 2
68773, 1
68777, 3
68780, 1
68783, 1
68785, 1
68786, 1
68788, 1
68790, 1
68791, 2
68792, 1
68796, 2
68800, 1
68801, 1
68805, 1
68810, 2
68811, 2
68818, 1
68825, 1
68829, 1
68833, 1
68834, 1
68835, 1
68839, 1
68842, 2
68844, 1
68846, 1
68847, 1
68848, 2
68852, 1
68855, 1
68857, 1
68858, 1
68861, 1
68863, 1
68864, 2
68866, 1
68867, 2
68872, 1
68874, 1
68876, 1
68878, 1
68882, 1
68884, 2
68890, 1
68891, 1
68892, 1
68893, 1
68894, 1
68897, 1
68901, 2
68903, 1
68906, 1
68907, 2
68909, 1
68911, 1
68914, 1
68918, 1
68919, 2
68920, 2
68923, 1
68927, 1
68928, 3
68929, 2
68931, 2
68933, 1
68934, 1
68939, 1
68940, 1
68943, 1
68944, 1
68948, 2
68950, 1
68951, 1
68953, 1
68954, 1
68964, 1
68968, 1
68969, 1
68970, 2
68971, 1
68973, 1
68974, 2
68975, 1
68977, 1
68979, 1
68982, 2
68983, 1
68985, 2
68990, 2
68992, 2
69000, 1
69002, 1
69004, 2
69006, 2
69009, 1
69011, 1
69014, 1
69017, 2
69018, 1
69024, 1
69027, 1
69032, 1
69036, 1
69037, 1
69039, 3
69042, 2
69043, 1
69049, 2
69053, 1
69054, 2
69059, 1
69066, 1
69068, 1
69070, 1
69073, 2
69074, 1
69078, 1
69079, 1
69080, 1
69081, 1
69083, 1
69084, 2
69085, 1
69102, 1
69103, 1
69104, 1
69105, 2
69110, 1
69113, 1
69118, 1
69123, 1
69124, 1
69128, 1
69134, 1
69137, 1
69140, 1
69146, 1
69149, 2
69150, 1
69151, 1
69152, 1
69154, 1
69155, 1
69162, 2
69164, 1
69168, 1
69169, 1
69174, 1
69177, 1
69178, 1
69179, 1
69181, 2
69182, 3
69183, 1
69185, 2
69186, 1
69187, 1
69190, 1
69195, 1
69197, 2
69199, 2
69200, 2
69205, 2
69207, 4
69215, 2
69216, 1
69218, 1
69219, 1
69220, 1
69221, 1
69225, 1
69229, 1
69231, 1
69234, 1
69241, 1
69244, 1
69248, 2
69249, 2
69250, 1
69255, 1
69259, 1
69263, 1
69266, 2
69267, 1
69268, 1
69271, 1
69272, 1
69277, 1
69278, 1
69280, 1
69282, 1
69286, 1
69289, 1
69290, 1
69293, 1
69294, 1
69296, 2
69300, 1
69303, 3
69304, 1
69305, 1
69306, 2
69308, 1
69309, 1
69311, 1
69312, 1
69313, 1
69320, 3
69321, 1
69323, 1
69324, 1
69325, 1
69326, 3
69329, 1
69331, 1
69332, 1
69338, 2
69339, 1
69341, 1
69343, 2
69345, 1
69353, 1
69359, 1
69363, 2
69364, 1
69365, 1
69371, 1
69380, 1
69383, 1
69386, 2
69393, 1
69399, 1
69400, 1
69402, 1
69403, 1
69404, 1
69405, 1
69411, 1
69413, 2
69416, 1
69417, 1
69421, 1
69425, 1
69429, 1
69431, 1
69433, 1
69434, 2
69437, 1
69438, 2
69440, 2
69441, 3
69442, 2
69446, 1
69450, 1
69452, 1
69453, 1
69458, 3
69459, 1
69460, 1
69464, 1
69465, 2
69466, 1
69467, 1
69468, 1
69469, 1
69471, 1
69476, 1
69477, 1
69478, 1
69479, 1
69481, 1
69483, 1
69486, 1
69491, 3
69494, 1
69501, 1
69502, 1
69503, 1
69504, 1
69509, 1
69512, 1
69518, 1
69521, 1
69522, 1
69524, 1
69527, 2
69529, 1
69530, 1
69533, 1
69535, 1
69536, 1
69537, 1
69538, 1
69540, 1
69542, 1
69544, 2
69546, 1
69550, 1
69551, 1
69552, 1
69557, 1
69558, 1
69559, 1
69561, 1
69568, 1
69569, 1
69572, 1
69573, 2
69574, 1
69575, 1
69576, 1
69577, 1
69580, 2
69582, 1
69585, 1
69587, 1
69588, 1
69590, 1
69592, 1
69594, 2
69597, 1
69599, 3
69601, 1
69603, 2
69604, 2
69615, 1
69617, 1
69619, 2
69622, 2
69624, 2
69625, 2
69627, 1
69628, 1
69632, 1
69637, 1
69640, 1
69645, 1
69646, 2
69647, 2
69649, 1
69651, 1
69653, 1
69655, 1
69657, 2
69658, 2
69664, 1
69670, 1
69671, 1
69674, 2
69675, 1
69676, 2
69677, 1
69680, 1
69681, 1
69682, 2
69683, 1
69689, 1
69691, 1
69698, 1
69699, 1
69701, 1
69704, 2
69706, 1
69709, 1
69712, 2
69714, 1
69716, 2
69718, 1
69724, 2
69728, 1
69732, 1
69734, 1
69737, 2
69740, 1
69741, 1
69744, 1
69745, 4
69746, 2
69748, 1
69759, 1
69761, 2
69764, 2
69765, 1
69768, 1
69769, 1
69770, 2
69773, 1
69776, 1
69780, 1
69789, 1
69794, 1
69797, 1
69798, 1
69804, 1
69808, 1
69809, 3
69810, 1
69811, 1
69812, 1
69822, 2
69823, 2
69824, 1
69825, 1
69826, 1
69828, 2
69829, 2
69834, 1
69836, 1
69837, 1
69839, 3
69842, 2
69843, 1
69845, 1
69848, 1
69849, 1
69851, 2
69852, 3
69857, 2
69858, 1
69859, 1
69860, 2
69866, 2
69867, 1
69871, 1
69874, 3
69876, 1
69877, 2
69879, 2
69881, 1
69883, 1
69886, 1
69889, 1
69890, 1
69893, 1
69894, 2
69895, 1
69896, 3
69898, 1
69899, 1
69900, 1
69902, 1
69904, 1
69910, 1
69911, 1
69917, 2
69919, 1
69921, 1
69923, 1
69926, 2
69927, 1
69929, 1
69930, 1
69931, 1
69933, 1
69936, 2
69938, 1
69940, 1
69942, 1
69943, 1
69944, 1
69946, 1
69947, 1
69948, 2
69949, 2
69954, 1
69957, 1
69965, 1
69968, 3
69970, 1
69973, 1
69974, 2
69975, 2
69976, 1
69981, 1
69984, 1
69987, 1
69988, 1
69989, 1
69992, 1
70000, 1
70003, 1
70004, 1
70005, 1
70007, 1
70008, 1
70009, 2
70015, 1
70016, 1
70022, 1
70026, 1
70027, 1
70028, 2
70029, 1
70031, 3
70034, 1
70036, 1
70038, 1
70042, 1
70044, 1
70046, 2
70048, 1
70049, 1
70050, 1
70056, 2
70057, 2
70065, 1
70066, 1
70067, 1
70071, 1
70072, 1
70073, 2
70074, 1
70077, 1
70078, 1
70081, 2
70085, 1
70087, 1
70088, 1
70089, 1
70090, 1
70104, 1
70106, 1
70111, 2
70112, 1
70113, 1
70114, 1
70115, 3
70117, 1
70118, 1
70120, 1
70122, 1
70125, 1
70131, 1
70132, 1
70134, 1
70136, 1
70137, 1
70138, 1
70139, 1
70142, 2
70153, 1
70155, 3
70156, 1
70158, 1
70159, 1
70163, 1
70171, 2
70173, 1
70175, 1
70179, 2
70180, 2
70181, 2
70184, 1
70186, 1
70187, 1
70189, 1
70194, 1
70195, 1
70196, 1
70198, 2
70199, 2
70201, 1
70202, 2
70203, 1
70208, 2
70212, 2
70213, 1
70214, 2
70216, 1
70221, 1
70224, 1
70232, 1
70233, 1
70234, 1
70238, 1
70239, 1
70240, 1
70243, 1
70244, 1
70246, 1
70247, 1
70250, 2
70253, 1
70255, 1
70256, 1
70257, 1
70258, 1
70260, 1
70265, 3
70266, 1
70269, 1
70270, 2
70271, 1
70272, 1
70276, 1
70279, 3
70280, 1
70281, 1
70283, 1
70284, 1
70286, 1
70291, 2
70292, 3
70293, 1
70303, 2
70304, 1
70308, 1
70315, 1
70317, 1
70318, 1
70319, 1
70322, 1
70324, 1
70325, 1
70327, 1
70334, 2
70335, 1
70338, 1
70339, 1
70341, 2
70344, 3
70347, 2
70353, 1
70354, 1
70357, 1
70359, 1
70362, 2
70364, 2
70365, 1
70369, 1
70370, 2
70372, 1
70380, 2
70382, 2
70383, 1
70386, 1
70387, 1
70388, 1
70389, 1
70391, 1
70393, 1
70397, 1
70398, 1
70400, 3
70401, 2
70403, 2
70404, 1
70406, 1
70410, 1
70412, 2
70413, 1
70415, 2
70416, 2
70417, 3
70419, 1
70422, 1
70426, 2
70428, 1
70430, 2
70431, 2
70433, 1
70434, 1
70436, 2
70439, 1
70440, 1
70441, 1
70442, 1
70448, 1
70451, 1
70452, 1
70453, 1
70455, 3
70457, 2
70459, 1
70461, 1
70464, 1
70466, 1
70467, 1
70468, 2
70472, 2
70474, 2
70475, 1
70477, 1
70478, 1
70481, 1
70482, 2
70483, 1
70485, 1
70486, 1
70487, 1
70488, 1
70489, 1
70490, 1
70495, 1
70499, 1
70501, 1
70502, 1
70505, 1
70508, 1
70509, 1
70512, 1
70518, 1
70519, 1
70523, 1
70525, 1
70530, 1
70531, 1
70542, 1
70549, 1
70551, 3
70552, 1
70553, 2
70557, 1
70558, 1
70559, 1
70560, 1
70561, 1
70565, 1
70567, 1
70570, 1
70571, 1
70573, 1
70580, 1
70582, 1
70583, 1
70584, 1
70587, 1
70590, 1
70591, 3
70594, 1
70596, 1
70603, 1
70604, 1
70606, 1
70608, 1
70612, 1
70613, 2
70615, 1
70616, 1
70617, 1
70620, 1
70623, 1
70624, 3
70625, 2
70627, 1
70632, 1
70633, 1
70634, 1
70640, 1
70642, 2
70643, 1
70644, 3
70646, 1
70647, 1
70648, 1
70650, 2
70651, 2
70652, 1
70653, 1
70655, 1
70658, 2
70660, 1
70661, 1
70663, 1
70665, 1
70667, 1
70670, 2
70671, 1
70673, 1
70675, 1
70684, 2
70686, 1
70687, 1
70691, 1
70696, 1
70697, 2
70703, 1
70705, 1
70706, 2
70711, 1
70712, 2
70714, 1
70722, 1
70725, 1
70728, 3
70729, 1
70730, 1
70731, 2
70736, 1
70738, 1
70744, 1
70747, 1
70749, 1
70751, 1
70752, 3
70754, 1
70756, 1
70758, 2
70759, 2
70760, 1
70763, 1
70767, 2
70769, 1
70770, 1
70771, 1
70773, 2
70776, 1
70783, 1
70788, 1
70789, 2
70790, 1
70791, 1
70792, 2
70797, 1
70798, 2
70800, 1
70801, 3
70802, 1
70804, 1
70807, 1
70809, 1
70810, 2
70812, 2
70813, 1
70817, 1
70818, 1
70820, 2
70824, 1
70828, 1
70830, 1
70831, 1
70834, 2
70836, 1
70837, 2
70838, 1
70846, 1
70853, 2
70856, 1
70857, 1
70859, 1
70861, 3
70862, 1
70863, 2
70864, 1
70866, 1
70868, 1
70869, 1
70871, 1
70872, 2
70875, 1
70878, 2
70879, 1
70880, 1
70882, 1
70883, 1
70886, 1
70887, 1
70889, 1
70895, 1
70896, 2
70900, 1
70905, 1
70907, 2
70909, 2
70910, 1
70911, 1
70912, 1
70915, 1
70917, 2
70918, 1
70923, 1
70927, 2
70928, 1
70931, 2
70936, 1
70940, 1
70948, 1
70953, 1
70954, 1
70956, 1
70957, 1
70958, 3
70959, 1
70962, 1
70963, 2
70964, 1
70967, 2
70968, 1
70969, 2
70972, 1
70973, 1
70975, 1
70976, 1
70983, 1
70985, 1
70987, 1
70990, 1
70992, 1
70993, 2
71001, 2
71002, 1
71003, 1
71005, 1
71007, 1
71011, 2
71017, 1
71018, 1
71019, 1
71021, 2
71022, 1
71023, 1
71024, 2
71026, 2
71028, 3
71029, 3
71030, 2
71031, 1
71032, 2
71035, 1
71037, 1
71038, 1
71039, 3
71043, 1
71044, 1
71048, 1
71049, 1
71050, 2
71054, 2
71055, 1
71056, 1
71058, 1
71059, 1
71063, 2
71065, 1
71066, 1
71069, 2
71072, 1
71073, 2
71075, 1
71076, 1
71080, 1
71082, 2
71084, 2
71088, 1
71089, 1
71090, 2
71093, 2
71094, 1
71095, 1
71096, 1
71100, 1
71101, 1
71102, 1
71103, 1
71104, 1
71107, 3
71109, 1
71112, 1
71113, 2
71116, 1
71117, 1
71121, 1
71127, 1
71128, 1
71132, 2
71134, 1
71140, 1
71146, 1
71148, 1
71150, 1
71153, 1
71155, 1
71157, 1
71159, 1
71160, 1
71163, 1
71164, 2
71166, 1
71173, 1
71174, 1
71175, 1
71176, 1
71178, 1
71183, 1
71184, 1
71185, 2
71186, 1
71188, 1
71191, 1
71194, 3
71196, 1
71198, 2
71201, 1
71202, 1
71205, 1
71211, 1
71212, 2
71214, 1
71215, 1
71218, 1
71219, 1
71223, 1
71225, 2
71226, 1
71235, 2
71236, 1
71239, 3
71240, 1
71241, 1
71243, 1
71247, 2
71248, 1
71250, 1
71252, 1
71258, 1
71259, 1
71260, 1
71261, 1
71263, 1
71268, 1
71272, 1
71275, 1
71276, 1
71277, 1
71280, 1
71281, 1
71282, 1
71283, 1
71289, 1
71291, 3
71299, 1
71301, 1
71302, 1
71303, 2
71306, 1
71307, 1
71308, 1
71309, 2
71310, 1
71313, 1
71314, 1
71318, 2
71319, 1
71322, 1
71323, 1
71325, 1
71326, 1
71327, 1
71331, 1
71334, 1
71338, 3
71339, 1
71340, 2
71341, 1
71345, 2
71350, 1
71351, 1
71355, 3
71359, 1
71361, 2
71363, 1
71364, 1
71365, 1
71367, 1
71368, 2
71369, 1
71371, 2
71372, 1
71373, 1
71376, 1
71379, 1
71380, 1
71385, 2
71388, 1
71389, 2
71390, 1
71391, 3
71394, 1
71398, 1
71399, 1
71401, 2
71403, 3
71406, 1
71407, 1
71409, 2
71410, 2
71412, 1
71413, 1
71417, 1
71420, 1
71421, 1
71422, 1
71423, 1
71425, 1
71430, 3
71431, 1
71433, 1
71441, 1
71444, 1
71445, 1
71450, 1
71453, 1
71457, 3
71458, 1
71461, 2
71463, 2
71464, 1
71465, 1
71468, 2
71469, 1
71471, 2
71472, 1
71473, 1
71476, 2
71478, 1
71479, 1
71480, 1
71481, 1
71484, 1
71485, 1
71491, 2
71492, 2
71494, 2
71495, 1
71498, 1
71504, 1
71509, 1
71510, 3
71516, 1
71517, 1
71520, 1
71521, 3
71522, 1
71523, 1
71524, 1
71525, 1
71528, 3
71530, 1
71531, 1
71534, 1
71535, 1
71538, 1
71541, 1
71542, 2
71544, 1
71549, 1
71551, 1
71553, 1
71555, 1
71556, 1
71562, 2
71564, 3
71569, 2
71572, 1
71573, 1
71575, 1
71576, 1
71579, 1
71582, 2
71583, 2
71586, 1
71587, 1
71588, 1
71596, 2
71597, 2
71604, 1
71605, 1
71608, 2
71609, 2
71613, 2
71615, 1
71616, 2
71618, 1
71621, 2
71624, 1
71625, 1
71628, 2
71629, 1
71630, 2
71633, 2
71636, 1
71639, 1
71641, 1
71643, 2
71644, 2
71646, 2
71647, 1
71649, 1
71651, 1
71652, 1
71660, 1
71664, 1
71665, 1
71666, 1
71668, 1
71671, 1
71675, 1
71676, 1
71679, 1
71680, 2
71682, 2
71684, 1
71688, 2
71690, 1
71691, 1
71693, 1
71695, 2
71698, 1
71704, 1
71710, 1
71711, 1
71713, 1
71714, 2
71717, 1
71718, 2
71728, 1
71730, 1
71733, 2
71734, 1
71736, 2
71740, 1
71741, 1
71743, 1
71744, 1
71745, 3
71746, 1
71747, 1
71752, 1
71753, 2
71754, 1
71756, 1
71757, 1
71758, 1
71762, 1
71766, 1
71767, 1
71769, 1
71770, 1
71771, 1
71775, 1
71777, 1
71781, 1
71782, 2
71784, 1
71785, 1
71787, 2
71788, 2
71792, 1
71793, 2
71794, 1
71795, 1
71798, 2
71799, 1
71801, 2
71802, 1
71803, 1
71804, 2
71807, 1
71815, 1
71821, 1
71825, 1
71828, 4
71829, 2
71832, 1
71833, 1
71836, 1
71837, 1
71838, 1
71839, 1
71842, 1
71844, 2
71845, 1
71846, 1
71847, 1
71848, 1
71851, 1
71853, 2
71854, 2
71858, 1
71861, 1
71863, 1
71873, 1
71875, 2
71877, 1
71880, 1
71883, 1
71889, 1
71891, 1
71897, 1
71898, 1
71899, 1
71900, 1
71901, 1
71903, 1
71905, 1
71907, 3
71908, 1
71909, 1
71911, 1
71912, 1
71913, 1
71915, 1
71917, 2
71920, 1
71928, 2
71930, 2
71932, 2
71933, 1
71935, 1
71937, 3
71938, 1
71945, 1
71947, 1
71948, 1
71950, 2
71952, 1
71955, 1
71958, 1
71959, 1
71961, 2
71962, 1
71964, 1
71965, 1
71969, 1
71972, 1
71973, 1
71974, 1
71978, 1
71983, 2
71984, 1
71986, 1
71987, 1
71988, 1
71990, 1
71996, 1
71998, 1
72000, 1
72002, 1
72003, 1
72004, 2
72006, 2
72007, 1
72008, 1
72009, 1
72011, 1
72013, 1
72015, 1
72018, 2
72019, 1
72020, 1
72021, 2
72023, 1
72026, 1
72030, 1
72031, 2
72033, 1
72034, 1
72035, 1
72045, 1
72046, 1
72047, 1
72048, 2
72049, 1
72050, 1
72051, 1
72053, 2
72054, 1
72056, 1
72058, 1
72068, 1
72069, 1
72070, 1
72072, 3
72078, 1
72082, 2
72084, 1
72088, 2
72090, 2
72093, 3
72094, 1
72096, 1
72097, 1
72098, 1
72099, 1
72100, 1
72101, 1
72104, 1
72107, 1
72109, 1
72111, 1
72115, 1
72118, 1
72119, 1
72126, 2
72127, 1
72129, 1
72131, 1
72132, 1
72134, 1
72135, 1
72137, 2
72138, 1
72140, 1
72141, 1
72142, 1
72143, 1
72144, 1
72146, 1
72148, 2
72149, 1
72150, 1
72151, 1
72152, 1
72153, 1
72155, 1
72156, 1
72157, 1
72158, 1
72162, 2
72164, 1
72166, 1
72173, 1
72176, 1
72178, 1
72179, 1
72180, 2
72181, 1
72187, 1
72189, 1
72197, 1
72198, 1
72202, 1
72207, 2
72209, 1
72216, 1
72219, 1
72221, 2
72222, 2
72223, 1
72226, 2
72229, 1
72230, 1
72231, 1
72232, 1
72233, 1
72235, 1
72237, 2
72238, 1
72240, 1
72241, 5
72244, 1
72245, 1
72247, 1
72248, 1
72250, 1
72251, 1
72260, 1
72262, 1
72263, 1
72264, 1
72269, 1
72272, 1
72273, 2
72274, 2
72275, 1
72276, 1
72278, 1
72282, 2
72286, 1
72287, 1
72290, 1
72292, 1
72297, 1
72302, 1
72303, 1
72308, 2
72311, 1
72313, 1
72319, 1
72321, 1
72322, 1
72323, 2
72324, 1
72326, 2
72327, 1
72331, 1
72335, 2
72339, 1
72341, 2
72342, 1
72343, 1
72344, 1
72346, 1
72347, 1
72349, 1
72352, 2
72354, 1
72358, 2
72363, 2
72365, 3
72369, 2
72370, 1
72372, 1
72375, 1
72376, 1
72378, 1
72379, 1
72383, 1
72385, 1
72386, 2
72387, 1
72388, 1
72389, 2
72391, 1
72394, 1
72395, 1
72398, 1
72400, 1
72403, 1
72405, 1
72408, 1
72412, 1
72413, 1
72415, 2
72419, 1
72422, 2
72432, 1
72437, 2
72444, 1
72447, 1
72449, 2
72456, 1
72459, 1
72460, 1
72462, 1
72464, 2
72465, 1
72466, 3
72469, 1
72474, 1
72481, 1
72485, 1
72489, 1
72492, 2
72493, 1
72494, 1
72495, 1
72497, 1
72498, 2
72502, 1
72503, 1
72504, 3
72505, 1
72506, 1
72507, 1
72508, 2
72509, 1
72511, 3
72512, 1
72514, 1
72517, 1
72519, 1
72522, 2
72524, 1
72530, 2
72531, 1
72534, 1
72537, 1
72539, 1
72544, 1
72547, 1
72548, 1
72550, 2
72555, 2
72556, 2
72557, 2
72558, 1
72560, 1
72561, 1
72563, 1
72566, 1
72568, 1
72570, 2
72573, 1
72574, 2
72579, 1
72584, 1
72587, 1
72588, 1
72590, 1
72593, 1
72595, 1
72597, 1
72601, 1
72605, 1
72612, 1
72613, 1
72617, 1
72618, 1
72621, 1
72622, 1
72624, 1
72625, 2
72626, 1
72632, 4
72635, 1
72637, 2
72641, 1
72642, 1
72643, 3
72646, 1
72647, 1
72650, 1
72651, 1
72652, 1
72654, 2
72659, 2
72660, 1
72664, 1
72667, 1
72672, 1
72673, 1
72675, 1
72676, 2
72681, 1
72682, 1
72685, 1
72687, 1
72694, 1
72695, 1
72696, 2
72697, 2
72698, 1
72702, 1
72703, 2
72704, 1
72709, 1
72710, 1
72712, 1
72713, 3
72715, 1
72716, 1
72718, 1
72722, 1
72727, 1
72729, 2
72730, 1
72738, 1
72744, 1
72746, 1
72747, 1
72749, 2
72750, 1
72754, 2
72761, 1
72764, 1
72765, 1
72766, 1
72768, 1
72769, 1
72772, 1
72782, 2
72783, 1
72785, 1
72787, 1
72791, 1
72794, 1
72796, 1
72797, 1
72799, 1
72807, 1
72811, 1
72813, 1
72817, 1
72818, 1
72819, 1
72822, 1
72824, 1
72825, 1
72827, 2
72829, 1
72834, 2
72836, 1
72837, 2
72841, 1
72845, 1
72848, 1
72849, 1
72850, 1
72853, 1
72855, 1
72857, 1
72861, 1
72865, 2
72866, 1
72867, 2
72869, 2
72871, 2
72872, 1
72873, 1
72880, 1
72882, 1
72885, 2
72886, 1
72889, 1
72896, 1
72904, 1
72905, 2
72906, 1
72909, 1
72910, 1
72911, 1
72914, 1
72915, 1
72916, 1
72917, 1
72919, 3
72920, 2
72925, 3
72929, 2
72930, 2
72931, 1
72937, 1
72938, 1
72940, 1
72941, 1
72943, 1
72944, 2
72946, 1
72948, 1
72952, 1
72953, 1
72954, 1
72956, 2
72957, 4
72959, 2
72960, 1
72962, 1
72967, 1
72972, 2
72975, 1
72979, 1
72980, 1
72981, 1
72984, 1
72987, 1
72988, 2
72994, 1
72997, 1
72998, 1
73000, 3
73004, 1
73006, 1
73008, 1
73012, 1
73014, 2
73017, 1
73018, 1
73019, 1
73021, 1
73023, 2
73024, 1
73027, 1
73030, 1
73031, 1
73032, 1
73033, 1
73034, 1
73035, 1
73036, 1
73037, 1
73043, 1
73045, 1
73047, 1
73051, 1
73053, 3
73054, 2
73061, 1
73066, 2
73067, 2
73069, 1
73070, 1
73076, 1
73077, 1
73079, 1
73082, 1
73084, 1
73085, 1
73087, 2
73088, 1
73089, 2
73090, 1
73091, 1
73092, 1
73094, 1
73096, 1
73098, 4
73100, 1
73105, 2
73106, 1
73107, 1
73110, 1
73111, 1
73113, 4
73114, 2
73116, 1
73117, 1
73119, 1
73121, 1
73124, 3
73126, 1
73127, 1
73135, 1
73136, 1
73137, 1
73138, 1
73142, 1
73143, 1
73144, 1
73145, 1
73146, 1
73147, 1
73148, 1
73150, 1
73156, 1
73159, 1
73160, 1
73162, 1
73163, 2
73166, 2
73168, 2
73170, 1
73172, 1
73173, 1
73175, 1
73179, 1
73180, 2
73182, 2
73184, 2
73198, 1
73199, 1
73200, 3
73202, 1
73203, 1
73205, 1
73206, 1
73207, 3
73208, 3
73211, 2
73212, 1
73216, 2
73217, 1
73221, 1
73227, 1
73228, 1
73231, 2
73233, 1
73234, 1
73235, 1
73242, 1
73244, 1
73247, 1
73253, 1
73256, 1
73257, 1
73263, 2
73265, 3
73267, 1
73271, 1
73273, 1
73276, 1
73277, 1
73281, 1
73285, 2
73286, 1
73287, 1
73290, 1
73293, 1
73294, 2
73297, 2
73298, 1
73299, 1
73300, 1
73301, 2
73306, 1
73308, 1
73309, 1
73311, 1
73313, 1
73314, 1
73315, 1
73316, 1
73323, 1
73333, 2
73335, 1
73336, 1
73337, 1
73339, 1
73341, 1
73342, 1
73343, 1
73345, 1
73346, 1
73347, 1
73349, 1
73351, 2
73360, 1
73361, 2
73365, 1
73368, 3
73371, 3
73372, 1
73373, 1
73374, 1
73376, 1
73378, 3
73383, 2
73384, 2
73385, 1
73387, 1
73388, 1
73391, 1
73392, 1
73396, 1
73397, 1
73399, 1
73401, 2
73402, 1
73403, 1
73405, 2
73406, 1
73409, 1
73410, 1
73412, 1
73418, 1
73419, 1
73420, 1
73421, 2
73423, 1
73424, 1
73425, 1
73429, 1
73431, 3
73433, 1
73436, 1
73439, 1
73440, 1
73442, 2
73444, 1
73445, 1
73446, 1
73448, 2
73449, 2
73452, 1
73453, 2
73457, 2
73460, 2
73462, 1
73464, 1
73469, 1
73472, 2
73473, 2
73483, 3
73485, 1
73486, 1
73487, 1
73488, 1
73489, 1
73493, 1
73496, 1
73499, 1
73501, 1
73505, 2
73506, 2
73507, 2
73510, 2
73511, 1
73512, 1
73514, 1
73516, 1
73519, 1
73521, 2
73527, 1
73529, 2
73531, 1
73532, 2
73533, 1
73536, 1
73537, 1
73559, 2
73561, 1
73564, 1
73568, 1
73569, 1
73571, 1
73573, 1
73576, 1
73582, 1
73583, 2
73588, 1
73589, 1
73590, 1
73591, 1
73594, 1
73596, 2
73598, 2
73599, 1
73601, 1
73604, 2
73605, 2
73606, 1
73612, 1
73614, 1
73622, 1
73624, 1
73627, 1
73628, 1
73631, 1
73632, 2
73635, 2
73643, 1
73644, 1
73645, 1
73646, 2
73647, 1
73648, 2
73653, 3
73661, 2
73662, 1
73665, 1
73666, 2
73668, 1
73670, 3
73672, 1
73678, 2
73679, 2
73689, 1
73691, 1
73693, 1
73694, 2
73697, 3
73700, 1
73703, 1
73704, 1
73705, 1
73710, 1
73712, 2
73713, 1
73719, 1
73722, 2
73723, 1
73724, 1
73726, 1
73728, 1
73729, 1
73732, 1
73736, 1
73739, 1
73740, 1
73746, 1
73747, 2
73756, 1
73757, 1
73762, 1
73764, 1
73770, 1
73771, 1
73776, 1
73777, 1
73779, 2
73780, 1
73781, 1
73783, 1
73787, 1
73788, 1
73790, 1
73797, 1
73799, 1
73801, 1
73802, 1
73804, 3
73807, 1
73808, 1
73810, 1
73812, 1
73813, 2
73818, 1
73821, 1
73822, 1
73826, 2
73828, 1
73829, 2
73834, 1
73835, 1
73836, 1
73841, 2
73842, 2
73844, 1
73846, 2
73847, 1
73850, 1
73851, 1
73855, 1
73858, 1
73863, 1
73865, 1
73866, 2
73868, 4
73869, 1
73870, 1
73872, 2
73873, 2
73875, 1
73876, 1
73878, 1
73882, 1
73883, 1
73884, 1
73885, 1
73886, 1
73889, 1
73890, 1
73895, 2
73896, 1
73907, 2
73913, 1
73914, 1
73915, 1
73928, 2
73930, 1
73932, 1
73935, 1
73936, 1
73943, 2
73946, 1
73948, 1
73950, 1
73953, 1
73954, 1
73955, 3
73957, 1
73960, 1
73963, 1
73966, 1
73970, 1
73976, 1
73983, 1
73987, 1
73990, 1
73992, 1
73996, 1
73998, 2
74003, 2
74005, 2
74006, 1
74011, 1
74014, 1
74019, 1
74020, 1
74023, 1
74026, 1
74027, 1
74030, 1
74031, 1
74033, 1
74046, 1
74048, 1
74051, 1
74052, 1
74053, 1
74056, 1
74057, 1
74058, 1
74062, 1
74063, 1
74069, 1
74070, 1
74072, 2
74073, 3
74074, 1
74075, 1
74077, 1
74079, 1
74082, 1
74084, 1
74085, 2
74087, 1
74088, 1
74089, 1
74091, 1
74092, 2
74095, 1
74096, 1
74099, 2
74101, 1
74108, 1
74109, 1
74110, 1
74111, 1
74113, 1
74116, 2
74117, 1
74121, 1
74123, 1
74124, 1
74125, 1
74127, 1
74131, 1
74132, 2
74133, 2
74139, 2
74141, 1
74143, 2
74144, 1
74148, 1
74151, 1
74152, 1
74153, 1
74156, 1
74158, 1
74164, 1
74165, 1
74167, 2
74168, 1
74172, 1
74176, 2
74181, 1
74182, 1
74183, 1
74187, 1
74188, 3
74189, 1
74192, 1
74194, 1
74196, 1
74198, 2
74202, 1
74203, 1
74204, 1
74205, 1
74210, 1
74211, 1
74212, 4
74213, 1
74217, 1
74218, 1
74219, 1
74220, 1
74221, 3
74222, 1
74226, 1
74227, 2
74229, 1
74232, 1
74238, 1
74239, 1
74243, 2
74245, 1
74249, 1
74250, 1
74251, 1
74253, 1
74258, 1
74262, 1
74270, 3
74272, 1
74273, 1
74274, 1
74276, 1
74278, 1
74280, 1
74283, 1
74295, 1
74297, 2
74298, 1
74301, 2
74303, 2
74304, 2
74307, 1
74315, 1
74316, 1
74317, 2
74318, 1
74321, 2
74322, 1
74324, 1
74325, 1
74329, 2
74330, 1
74336, 1
74339, 3
74340, 1
74341, 1
74342, 1
74345, 1
74346, 2
74347, 2
74348, 1
74351, 1
74352, 2
74356, 1
74357, 1
74360, 1
74363, 1
74365, 1
74366, 2
74369, 1
74372, 1
74374, 1
74379, 1
74380, 1
74382, 2
74384, 1
74385, 1
74386, 1
74387, 1
74392, 1
74396, 2
74397, 1
74398, 2
74400, 1
74401, 1
74402, 2
74403, 1
74407, 1
74408, 1
74410, 1
74414, 1
74417, 1
74418, 1
74420, 2
74423, 1
74426, 1
74427, 1
74428, 1
74429, 1
74435, 1
74436, 2
74438, 2
74444, 1
74449, 1
74454, 1
74455, 1
74459, 1
74461, 2
74463, 1
74465, 2
74468, 1
74469, 1
74471, 1
74472, 1
74473, 1
74475, 1
74477, 1
74480, 1
74482, 2
74485, 1
74486, 1
74489, 1
74491, 1
74492, 2
74493, 1
74498, 1
74499, 1
74501, 1
74502, 1
74505, 2
74506, 2
74507, 2
74508, 2
74513, 1
74516, 1
74518, 1
74523, 2
74526, 2
74528, 2
74529, 1
74539, 3
74542, 1
74543, 1
74544, 1
74546, 1
74547, 2
74551, 1
74552, 2
74554, 1
74555, 1
74562, 1
74563, 1
74565, 1
74567, 2
74568, 1
74571, 1
74573, 1
74574, 3
74575, 1
74585, 1
74588, 1
74589, 1
74591, 2
74592, 1
74597, 1
74598, 2
74600, 2
74601, 1
74606, 1
74608, 2
74614, 1
74619, 1
74620, 2
74622, 1
74626, 1
74629, 1
74631, 1
74633, 2
74634, 2
74639, 2
74640, 1
74646, 2
74649, 1
74652, 3
74653, 1
74655, 1
74657, 1
74659, 1
74661, 1
74662, 1
74664, 2
74668, 1
74673, 1
74674, 1
74676, 1
74677, 1
74680, 1
74682, 1
74685, 1
74687, 2
74688, 1
74689, 2
74690, 1
74691, 1
74694, 2
74695, 2
74696, 1
74699, 1
74706, 1
74711, 2
74715, 1
74716, 1
74719, 1
74720, 1
74721, 2
74723, 1
74724, 1
74726, 1
74728, 1
74729, 1
74731, 2
74733, 2
74734, 1
74735, 1
74737, 1
74741, 1
74742, 1
74743, 1
74745, 1
74747, 1
74751, 1
74753, 1
74754, 2
74755, 2
74756, 1
74760, 2
74762, 1
74769, 1
74771, 2
74772, 1
74773, 1
74779, 2
74780, 1
74781, 1
74782, 3
74783, 1
74785, 1
74786, 1
74787, 1
74792, 1
74799, 1
74801, 1
74803, 1
74807, 1
74809, 1
74810, 1
74814, 2
74816, 1
74819, 1
74821, 2
74824, 2
74826, 1
74827, 1
74832, 1
74836, 1
74839, 1
74840, 1
74842, 1
74843, 1
74845, 1
74847, 2
74849, 2
74862, 1
74864, 1
74867, 1
74874, 2
74876, 1
74877, 1
74878, 2
74882, 1
74883, 1
74884, 1
74885, 1
74887, 1
74889, 1
74890, 1
74894, 1
74895, 1
74897, 1
74898, 1
74902, 1
74903, 1
74906, 1
74909, 1
74915, 1
74919, 1
74921, 1
74927, 1
74928, 1
74934, 1
74936, 1
74937, 2
74938, 1
74939, 2
74940, 1
74947, 1
74950, 1
74951, 2
74952, 1
74954, 1
74955, 1
74960, 2
74961, 1
74963, 1
74964, 2
74970, 1
74974, 1
74978, 1
74979, 1
74981, 1
74986, 2
74987, 1
74989, 1
74992, 1
74996, 1
74998, 1
75002, 2
75003, 1
75004, 2
75007, 3
75008, 1
75009, 1
75010, 2
75011, 1
75013, 1
75022, 2
75023, 1
75024, 1
75025, 1
75032, 1
75034, 2
75037, 1
75041, 2
75042, 1
75044, 1
75045, 1
75046, 1
75049, 1
75050, 1
75051, 1
75054, 1
75055, 1
75056, 2
75057, 1
75059, 1
75061, 1
75062, 1
75065, 1
75071, 1
75072, 1
75074, 1
75077, 1
75079, 1
75083, 1
75087, 2
75090, 1
75093, 1
75094, 1
75101, 2
75102, 3
75107, 2
75111, 1
75114, 1
75115, 1
75116, 1
75118, 2
75120, 1
75121, 1
75126, 1
75127, 1
75130, 1
75135, 1
75137, 1
75138, 1
75144, 1
75145, 1
75149, 1
75150, 1
75154, 1
75157, 1
75160, 1
75161, 1
75162, 1
75163, 1
75170, 1
75171, 1
75172, 1
75173, 1
75179, 1
75192, 1
75193, 1
75194, 1
75199, 1
75200, 2
75201, 1
75203, 1
75207, 1
75210, 1
75211, 1
75214, 1
75215, 1
75217, 2
75218, 2
75223, 1
75229, 2
75233, 2
75234, 1
75237, 3
75240, 1
75241, 1
75242, 2
75246, 1
75247, 1
75251, 1
75253, 1
75256, 1
75259, 1
75260, 1
75261, 2
75265, 2
75267, 1
75269, 1
75270, 1
75273, 1
75274, 1
75279, 1
75280, 1
75282, 1
75283, 1
75286, 1
75289, 2
75290, 1
75296, 1
75306, 1
75307, 2
75308, 1
75311, 1
75312, 2
75315, 1
75321, 1
75323, 1
75324, 1
75325, 1
75326, 2
75330, 1
75331, 1
75333, 1
75335, 1
75338, 1
75341, 2
75344, 1
75345, 1
75347, 1
75350, 2
75351, 1
75353, 1
75358, 1
75359, 1
75360, 2
75361, 1
75363, 1
75366, 1
75368, 2
75371, 1
75372, 1
75377, 1
75378, 1
75379, 2
75382, 1
75383, 2
75386, 1
75389, 2
75391, 1
75398, 2
75404, 1
75405, 1
75408, 1
75410, 1
75411, 1
75414, 2
75419, 2
75420, 1
75421, 1
75423, 1
75425, 1
75430, 1
75432, 1
75437, 1
75440, 1
75444, 1
75445, 1
75447, 1
75448, 1
75449, 1
75452, 1
75454, 1
75455, 2
75457, 1
75461, 1
75462, 1
75467, 3
75471, 3
75477, 1
75478, 2
75480, 1
75483, 1
75485, 2
75489, 1
75490, 1
75492, 3
75493, 1
75499, 1
75500, 2
75501, 2
75505, 1
75506, 1
75509, 1
75510, 1
75513, 1
75515, 1
75517, 3
75518, 2
75519, 1
75520, 1
75528, 1
75530, 1
75533, 1
75534, 1
75537, 1
75538, 3
75540, 2
75541, 2
75543, 1
75545, 1
75547, 1
75548, 4
75550, 1
75553, 1
75558, 1
75559, 1
75561, 1
75569, 2
75573, 1
75578, 2
75581, 1
75582, 2
75584, 1
75585, 2
75586, 2
75589, 2
75590, 1
75592, 1
75597, 2
75604, 1
75605, 1
75607, 1
75609, 1
75610, 1
75613, 1
75614, 1
75618, 1
75619, 2
75620, 1
75621, 1
75622, 1
75623, 1
75625, 2
75629, 1
75631, 1
75633, 1
75634, 1
75639, 1
75640, 2
75641, 2
75645, 2
75647, 1
75648, 1
75653, 1
75654, 2
75655, 2
75657, 1
75666, 1
75668, 1
75669, 1
75671, 2
75672, 1
75674, 1
75675, 2
75677, 1
75683, 1
75686, 1
75687, 1
75688, 1
75690, 1
75693, 1
75694, 1
75700, 2
75702, 1
75704, 1
75708, 1
75709, 1
75710, 1
75711, 2
75723, 2
75725, 1
75727, 3
75729, 2
75730, 1
75733, 2
75734, 3
75740, 1
75746, 1
75748, 1
75749, 1
75754, 1
75760, 2
75762, 2
75764, 2
75765, 1
75767, 1
75771, 1
75773, 1
75774, 1
75777, 1
75786, 1
75789, 3
75793, 1
75794, 2
75795, 1
75801, 1
75803, 1
75804, 2
75808, 2
75810, 3
75811, 1
75812, 1
75814, 1
75817, 1
75820, 1
75821, 2
75827, 1
75834, 2
75835, 1
75836, 1
75839, 1
75842, 1
75844, 2
75845, 1
75847, 1
75850, 1
75854, 1
75855, 1
75856, 1
75857, 1
75860, 2
75865, 1
75868, 1
75872, 1
75874, 1
75875, 1
75877, 1
75879, 1
75881, 1
75885, 1
75887, 1
75891, 1
75897, 2
75899, 1
75901, 1
75907, 1
75909, 2
75910, 1
75911, 1
75914, 3
75915, 1
75917, 2
75918, 1
75928, 1
75930, 1
75934, 1
75938, 1
75940, 1
75943, 1
75947, 1
75948, 1
75949, 1
75950, 1
75952, 1
75953, 2
75956, 1
75962, 1
75963, 1
75967, 1
75968, 1
75969, 3
75971, 2
75972, 1
75973, 1
75974, 1
75976, 1
75978, 1
75979, 1
75982, 2
75986, 1
75987, 2
75989, 1
75994, 1
75995, 3
75998, 1
76000, 1
76002, 1
76005, 1
76010, 1
76013, 1
76014, 3
76016, 1
76021, 1
76022, 1
76025, 2
76026, 1
76030, 1
76033, 1
76047, 3
76049, 1
76053, 2
76054, 2
76056, 1
76057, 1
76058, 1
76061, 1
76065, 1
76066, 1
76073, 1
76087, 2
76088, 1
76089, 1
76094, 2
76102, 1
76104, 1
76107, 1
76109, 1
76112, 1
76115, 1
76118, 2
76120, 1
76128, 1
76131, 1
76134, 1
76141, 1
76144, 2
76147, 1
76148, 3
76149, 1
76151, 2
76155, 2
76163, 1
76165, 1
76167, 1
76169, 1
76174, 1
76176, 2
76179, 2
76182, 1
76183, 1
76184, 1
76185, 2
76186, 1
76188, 1
76190, 1
76191, 1
76193, 1
76202, 1
76204, 1
76208, 1
76211, 1
76213, 1
76221, 1
76222, 1
76224, 1
76227, 1
76228, 1
76229, 2
76232, 1
76234, 1
76239, 1
76243, 1
76250, 2
76251, 1
76252, 2
76257, 1
76260, 2
76262, 1
76265, 1
76266, 2
76274, 2
76277, 1
76286, 1
76288, 1
76290, 1
76291, 2
76293, 1
76295, 1
76296, 1
76301, 1
76303, 1
76304, 1
76309, 1
76310, 2
76312, 1
76313, 2
76315, 1
76324, 1
76331, 1
76336, 1
76337, 1
76340, 1
76342, 1
76344, 1
76351, 1
76357, 1
76361, 1
76363, 1
76366, 3
76367, 1
76372, 1
76376, 1
76378, 1
76380, 1
76382, 1
76386, 1
76391, 1
76393, 2
76395, 1
76396, 1
76399, 1
76400, 1
76402, 1
76403, 1
76411, 1
76413, 1
76415, 1
76417, 4
76419, 2
76421, 1
76423, 1
76425, 2
76427, 1
76428, 1
76430, 1
76431, 1
76433, 1
76434, 2
76436, 1
76441, 1
76446, 1
76449, 1
76450, 1
76452, 2
76453, 1
76454, 1
76456, 1
76458, 2
76459, 1
76460, 2
76462, 1
76463, 1
76469, 1
76472, 1
76473, 1
76476, 2
76480, 1
76485, 1
76487, 2
76489, 1
76493, 1
76496, 2
76497, 1
76499, 1
76500, 1
76503, 1
76507, 1
76510, 1
76512, 2
76514, 2
76516, 2
76517, 1
76521, 1
76533, 1
76536, 1
76539, 1
76541, 1
76543, 1
76545, 1
76548, 1
76554, 1
76555, 1
76558, 1
76560, 1
76561, 1
76563, 2
76564, 1
76565, 1
76566, 1
76567, 1
76570, 1
76574, 2
76577, 1
76580, 1
76581, 1
76585, 1
76587, 2
76600, 1
76604, 1
76611, 1
76612, 1
76617, 2
76623, 1
76624, 2
76625, 1
76628, 1
76635, 1
76636, 1
76640, 1
76642, 1
76656, 1
76660, 1
76668, 1
76673, 2
76674, 1
76687, 1
76693, 2
76699, 1
76704, 1
76706, 1
76707, 2
76708, 1
76709, 2
76715, 1
76716, 2
76717, 1
76719, 1
76720, 2
76722, 1
76724, 1
76725, 2
76734, 1
76735, 1
76736, 1
76737, 1
76740, 1
76742, 2
76748, 2
76750, 1
76753, 2
76754, 1
76755, 1
76766, 1
76773, 1
76775, 1
76776, 1
76778, 1
76779, 1
76780, 2
76781, 1
76783, 1
76784, 1
76787, 1
76790, 1
76792, 1
76799, 1
76800, 1
76802, 1
76805, 2
76806, 1
76807, 1
76809, 1
76812, 1
76813, 1
76818, 1
76819, 1
76822, 2
76823, 1
76828, 2
76836, 1
76839, 1
76840, 1
76843, 2
76844, 3
76845, 1
76846, 1
76848, 1
76849, 1
76851, 1
76852, 1
76854, 1
76855, 1
76858, 1
76860, 1
76866, 1
76873, 1
76875, 1
76880, 2
76889, 1
76900, 1
76901, 1
76902, 2
76903, 1
76904, 1
76905, 1
76909, 1
76922, 1
76923, 2
76924, 1
76925, 1
76928, 1
76930, 1
76933, 1
76935, 1
76937, 1
76938, 1
76939, 2
76940, 2
76941, 1
76942, 1
76943, 4
76950, 1
76951, 1
76958, 1
76962, 1
76964, 1
76966, 1
76967, 1
76968, 1
76978, 1
76982, 1
76987, 1
76991, 2
76992, 1
76993, 2
76995, 1
76996, 1
76998, 1
77000, 2
77002, 1
77004, 1
77009, 1
77010, 1
77013, 1
77016, 1
77017, 1
77018, 1
77020, 2
77027, 4
77033, 2
77036, 1
77038, 1
77041, 1
77043, 1
77049, 1
77054, 1
77057, 1
77058, 2
77059, 1
77064, 1
77066, 1
77071, 1
77073, 1
77075, 1
77079, 2
77080, 1
77085, 1
77089, 1
77091, 1
77094, 1
77096, 1
77098, 1
77100, 1
77102, 1
77109, 2
77110, 1
77114, 1
77118, 1
77119, 1
77121, 1
77125, 1
77127, 1
77129, 1
77134, 1
77139, 1
77144, 1
77145, 1
77146, 2
77152, 1
77153, 1
77154, 1
77156, 1
77157, 1
77160, 1
77162, 1
77164, 1
77166, 1
77173, 2
77174, 2
77175, 2
77177, 1
77182, 1
77183, 2
77184, 1
77190, 1
77194, 1
77196, 1
77205, 3
77206, 1
77207, 1
77209, 1
77210, 1
77214, 1
77218, 1
77219, 1
77221, 1
77224, 1
77225, 1
77227, 1
77229, 2
77234, 1
77239, 1
77245, 2
77250, 2
77255, 1
77257, 2
77258, 1
77267, 1
77268, 1
77273, 1
77275, 1
77280, 3
77282, 1
77285, 1
77286, 1
77292, 1
77293, 1
77294, 1
77301, 1
77302, 1
77303, 1
77304, 2
77306, 1
77309, 1
77315, 2
77326, 1
77328, 1
77332, 1
77333, 1
77334, 1
77335, 1
77342, 2
77348, 1
77356, 1
77357, 1
77358, 1
77359, 1
77360, 1
77361, 3
77362, 1
77364, 1
77366, 1
77367, 2
77368, 1
77369, 1
77373, 2
77376, 2
77382, 2
77384, 1
77390, 1
77391, 1
77394, 1
77397, 1
77400, 1
77401, 1
77402, 1
77405, 1
77406, 2
77408, 1
77409, 1
77410, 1
77413, 1
77414, 1
77416, 1
77419, 1
77420, 1
77424, 1
77426, 1
77431, 2
77441, 1
77447, 2
77450, 1
77460, 1
77462, 1
77463, 1
77464, 1
77466, 1
77467, 1
77469, 1
77472, 1
77475, 4
77479, 2
77480, 1
77481, 1
77483, 1
77484, 1
77486, 1
77489, 1
77490, 2
77491, 1
77492, 1
77498, 1
77501, 1
77503, 1
77508, 1
77510, 1
77512, 1
77515, 1
77516, 1
77521, 1
77528, 1
77530, 1
77532, 1
77533, 1
77535, 1
77536, 1
77538, 1
77547, 1
77548, 1
77549, 1
77553, 1
77555, 1
77557, 1
77558, 2
77561, 2
77562, 1
77563, 1
77564, 1
77565, 1
77566, 2
77567, 1
77568, 1
77585, 1
77586, 1
77588, 1
77592, 1
77601, 1
77606, 2
77607, 1
77611, 2
77614, 2
77617, 1
77622, 1
77623, 2
77624, 1
77627, 2
77634, 3
77635, 1
77637, 1
77639, 1
77640, 1
77641, 1
77647, 1
77648, 2
77652, 1
77655, 1
77658, 2
77660, 1
77663, 2
77665, 1
77669, 1
77673, 4
77675, 1
77676, 1
77679, 1
77680, 1
77681, 1
77690, 1
77691, 1
77692, 1
77694, 1
77699, 1
77700, 1
77702, 3
77704, 1
77708, 1
77709, 1
77712, 1
77713, 2
77721, 1
77724, 1
77725, 1
77734, 1
77745, 1
77747, 3
77749, 1
77760, 1
77769, 1
77774, 3
77775, 2
77776, 2
77777, 1
77784, 2
77785, 1
77791, 2
77793, 1
77802, 2
77804, 1
77809, 1
77812, 2
77813, 1
77819, 1
77823, 2
77826, 1
77827, 1
77831, 2
77838, 2
77840, 1
77848, 1
77851, 1
77852, 1
77855, 1
77858, 1
77859, 1
77867, 1
77874, 2
77875, 1
77877, 1
77881, 1
77885, 1
77887, 1
77894, 1
77899, 2
77900, 2
77903, 1
77911, 1
77912, 1
77913, 1
77914, 1
77915, 1
77916, 3
77918, 1
77919, 1
77920, 1
77923, 1
77924, 1
77926, 1
77931, 1
77935, 2
77936, 1
77939, 1
77941, 1
77944, 1
77947, 2
77948, 1
77951, 3
77954, 1
77955, 2
77957, 2
77960, 2
77965, 1
77966, 1
77967, 1
77969, 2
77981, 1
77985, 1
77986, 1
77989, 1
77991, 1
77998, 1
77999, 1
78001, 1
78003, 1
78007, 2
78008, 1
78009, 1
78011, 1
78016, 1
78022, 1
78026, 1
78030, 1
78035, 1
78039, 1
78042, 2
78044, 1
78045, 2
78047, 1
78053, 1
78057, 1
78063, 1
78067, 1
78069, 1
78071, 1
78073, 1
78075, 1
78083, 1
78084, 2
78088, 2
78097, 1
78101, 1
78104, 1
78106, 1
78107, 1
78110, 1
78111, 1
78113, 1
78120, 1
78123, 2
78127, 3
78129, 1
78131, 1
78137, 1
78140, 1
78141, 1
78142, 1
78143, 1
78145, 1
78146, 1
78151, 1
78152, 1
78158, 1
78164, 1
78165, 1
78172, 1
78174, 1
78177, 1
78182, 1
78185, 1
78187, 1
78188, 1
78192, 1
78194, 2
78200, 1
78211, 1
78222, 2
78228, 1
78232, 2
78233, 1
78234, 1
78239, 1
78241, 1
78247, 1
78258, 1
78259, 1
78261, 1
78268, 1
78272, 1
78273, 1
78275, 1
78276, 2
78281, 1
78290, 1
78295, 1
78296, 1
78301, 1
78303, 1
78310, 1
78317, 1
78319, 1
78321, 2
78322, 2
78323, 1
78327, 1
78329, 1
78331, 2
78333, 2
78336, 1
78343, 1
78344, 1
78345, 1
78347, 1
78348, 1
78349, 1
78355, 2
78359, 2
78363, 1
78365, 1
78370, 2
78372, 2
78373, 1
78376, 2
78380, 1
78382, 1
78384, 1
78388, 1
78395, 1
78396, 2
78398, 1
78410, 1
78411, 1
78413, 1
78416, 1
78422, 1
78425, 1
78427, 1
78432, 1
78433, 1
78436, 1
78437, 1
78443, 1
78444, 1
78447, 1
78449, 1
78458, 2
78461, 1
78462, 1
78464, 1
78465, 1
78473, 1
78482, 1
78484, 1
78489, 1
78490, 1
78493, 2
78494, 1
78499, 1
78501, 1
78503, 1
78508, 1
78509, 1
78510, 2
78512, 1
78516, 1
78517, 1
78520, 1
78525, 1
78529, 1
78533, 1
78535, 1
78546, 1
78554, 1
78557, 1
78564, 1
78565, 1
78570, 1
78574, 1
78579, 2
78583, 1
78584, 1
78590, 1
78591, 1
78599, 1
78607, 1
78609, 1
78610, 1
78612, 1
78615, 1
78616, 2
78620, 1
78621, 3
78624, 1
78626, 1
78628, 1
78641, 2
78643, 1
78645, 1
78646, 1
78648, 2
78649, 1
78653, 1
78660, 1
78667, 1
78669, 1
78675, 2
78676, 1
78683, 1
78685, 1
78688, 1
78703, 1
78705, 2
78706, 1
78707, 1
78710, 2
78712, 3
78714, 1
78715, 2
78721, 2
78723, 1
78726, 1
78731, 1
78738, 1
78741, 1
78742, 1
78743, 1
78747, 1
78748, 1
78750, 1
78752, 1
78753, 1
78757, 1
78759, 1
78766, 1
78768, 1
78769, 2
78771, 2
78775, 1
78781, 1
78783, 1
78788, 2
78795, 1
78798, 1
78800, 1
78803, 2
78806, 2
78809, 1
78811, 2
78820, 1
78823, 1
78825, 1
78827, 1
78830, 1
78832, 2
78837, 2
78840, 2
78843, 1
78844, 1
78846, 1
78847, 1
78850, 1
78852, 1
78861, 1
78864, 1
78875, 1
78878, 1
78879, 1
78881, 1
78885, 1
78886, 1
78888, 1
78890, 1
78895, 1
78898, 1
78900, 1
78901, 2
78905, 1
78909, 1
78912, 1
78915, 1
78917, 1
78921, 1
78922, 1
78924, 1
78926, 1
78932, 1
78933, 1
78936, 1
78937, 1
78938, 2
78939, 1
78942, 1
78947, 2
78949, 1
78959, 1
78960, 1
78962, 2
78965, 1
78967, 1
78974, 1
78976, 1
78980, 1
78984, 1
78986, 1
78987, 1
78988, 1
78989, 1
78993, 1
78996, 1
78999, 1
79008, 1
79009, 1
79011, 1
79012, 1
79014, 1
79015, 1
79017, 1
79018, 1
79026, 1
79028, 1
79029, 1
79039, 1
79041, 1
79044, 2
79047, 1
79049, 2
79052, 2
79055, 1
79063, 2
79073, 2
79076, 2
79080, 2
79082, 1
79085, 2
79088, 1
79089, 1
79093, 1
79097, 2
79100, 1
79102, 1
79103, 1
79106, 1
79107, 1
79108, 1
79112, 2
79113, 1
79116, 2
79121, 1
79124, 1
79138, 1
79144, 1
79149, 1
79155, 1
79156, 1
79163, 1
79166, 2
79167, 1
79168, 1
79171, 1
79172, 1
79173, 2
79176, 1
79179, 1
79180, 1
79183, 3
79184, 1
79185, 1
79187, 1
79188, 1
79191, 1
79192, 1
79193, 1
79195, 1
79204, 1
79207, 1
79209, 1
79215, 1
79216, 1
79220, 1
79225, 1
79231, 1
79235, 1
79240, 1
79243, 1
79251, 1
79252, 1
79254, 1
79255, 1
79267, 1
79270, 1
79276, 1
79277, 1
79280, 1
79284, 2
79285, 1
79286, 1
79289, 1
79290, 1
79294, 1
79295, 1
79311, 1
79314, 1
79321, 2
79324, 1
79326, 2
79328, 1
79344, 1
79345, 1
79352, 2
79354, 2
79355, 3
79357, 2
79358, 1
79363, 1
79366, 1
79377, 1
79380, 1
79381, 2
79383, 2
79387, 2
79388, 1
79395, 1
79396, 1
79397, 1
79405, 1
79410, 2
79412, 1
79415, 1
79416, 1
79421, 1
79425, 1
79427, 2
79429, 1
79430, 1
79439, 3
79440, 1
79446, 1
79449, 2
79450, 1
79452, 2
79455, 1
79458, 1
79460, 1
79465, 1
79466, 1
79470, 1
79472, 1
79473, 1
79479, 2
79482, 1
79485, 1
79487, 1
79490, 1
79492, 2
79493, 1
79494, 1
79495, 2
79502, 1
79515, 1
79519, 1
79521, 2
79528, 1
79535, 2
79543, 1
79546, 1
79547, 1
79554, 1
79555, 1
79563, 1
79572, 2
79576, 1
79580, 1
79585, 1
79586, 1
79592, 1
79593, 1
79594, 1
79599, 1
79603, 1
79605, 1
79619, 1
79628, 1
79630, 2
79633, 1
79635, 2
79636, 1
79640, 1
79643, 1
79645, 1
79651, 1
79652, 1
79656, 1
79658, 1
79666, 2
79677, 1
79678, 2
79680, 1
79683, 1
79684, 2
79685, 1
79693, 1
79695, 1
79698, 1
79702, 1
79707, 1
79708, 1
79711, 2
79715, 1
79720, 1
79721, 1
79722, 1
79730, 1
79738, 1
79743, 2
79744, 1
79745, 1
79750, 1
79751, 2
79752, 2
79753, 1
79757, 2
79771, 1
79777, 1
79778, 1
79779, 1
79796, 1
79800, 1
79802, 1
79804, 1
79807, 1
79810, 1
79812, 1
79816, 1
79819, 2
79820, 1
79821, 1
79825, 1
79827, 1
79829, 1
79832, 1
79840, 2
79843, 1
79849, 1
79855, 1
79859, 1
79863, 1
79864, 1
79865, 1
79867, 1
79875, 1
79879, 1
79882, 1
79896, 1
79897, 1
79898, 1
79901, 1
79905, 1
79911, 1
79913, 1
79918, 1
79920, 1
79923, 1
79933, 1
79935, 1
79942, 1
79950, 2
79961, 1
79968, 1
79969, 1
79971, 2
79976, 1
79981, 1
79984, 1
79989, 1
79991, 1
79996, 1
80002, 1
80003, 1
80007, 1
80014, 1
80016, 2
80018, 1
80024, 2
80030, 1
80040, 1
80041, 1
80044, 1
80046, 1
80051, 1
80057, 1
80058, 1
80062, 1
80063, 1
80069, 3
80078, 1
80084, 2
80091, 1
80092, 2
80095, 1
80097, 1
80099, 1
80109, 1
80114, 1
80118, 1
80120, 1
80121, 1
80126, 2
80129, 1
80140, 1
80141, 1
80147, 1
80148, 1
80149, 1
80151, 1
80152, 1
80153, 1
80155, 1
80164, 1
80166, 2
80167, 1
80173, 1
80184, 1
80194, 1
80196, 1
80197, 2
80201, 2
80207, 1
80224, 1
80226, 1
80230, 2
80235, 1
80238, 1
80243, 1
80246, 1
80247, 1
80256, 1
80260, 1
80266, 1
80268, 1
80270, 1
80273, 1
80279, 2
80283, 1
80286, 1
80293, 1
80295, 1
80305, 1
80307, 1
80310, 2
80315, 1
80317, 1
80318, 1
80323, 1
80324, 1
80330, 1
80331, 1
80334, 1
80336, 1
80342, 1
80347, 1
80362, 1
80363, 1
80367, 1
80369, 1
80373, 1
80377, 1
80380, 3
80381, 1
80383, 1
80386, 1
80393, 1
80396, 1
80405, 2
80406, 1
80410, 1
80419, 1
80421, 1
80429, 1
80437, 1
80438, 1
80440, 2
80441, 1
80442, 1
80456, 1
80458, 1
80459, 1
80460, 1
80462, 1
80463, 1
80467, 1
80473, 1
80480, 1
80484, 1
80485, 1
80487, 1
80489, 1
80490, 1
80496, 1
80499, 2
80503, 1
80504, 1
80506, 1
80510, 1
80514, 1
80515, 1
80516, 2
80521, 1
80523, 1
80524, 1
80525, 1
80532, 1
80535, 1
80540, 1
80541, 1
80543, 1
80545, 1
80546, 1
80549, 1
80550, 1
80553, 1
80555, 1
80578, 1
80579, 1
80588, 1
80593, 1
80595, 2
80598, 2
80601, 1
80605, 1
80608, 1
80611, 1
80618, 1
80619, 1
80621, 1
80628, 2
80638, 1
80643, 1
80649, 1
80650, 1
80652, 2
80653, 1
80659, 1
80660, 1
80662, 1
80663, 1
80667, 1
80670, 1
80672, 2
80679, 2
80683, 1
80687, 1
80695, 1
80700, 1
80702, 2
80704, 1
80710, 1
80711, 1
80720, 1
80728, 1
80730, 1
80732, 1
80733, 1
80736, 1
80737, 1
80739, 1
80742, 2
80746, 1
80748, 1
80764, 1
80766, 1
80773, 1
80782, 1
80783, 1
80785, 1
80790, 1
80794, 1
80795, 1
80799, 1
80801, 1
80808, 1
80818, 1
80819, 1
80820, 1
80821, 3
80826, 1
80837, 2
80838, 2
80841, 2
80845, 1
80848, 1
80854, 1
80856, 2
80871, 1
80876, 1
80877, 1
80879, 1
80882, 1
80885, 2
80888, 1
80889, 1
80896, 1
80900, 1
80905, 1
80912, 1
80918, 1
80923, 1
80929, 1
80931, 1
80932, 1
80937, 1
80939, 1
80943, 1
80946, 1
80947, 1
80953, 1
80964, 1
80968, 1
80969, 1
80974, 1
80977, 1
80979, 1
80980, 1
80982, 1
80989, 1
80990, 1
80993, 1
80996, 2
81005, 1
81020, 1
81024, 1
81025, 1
81026, 1
81028, 1
81032, 1
81037, 1
81044, 1
81045, 1
81046, 1
81048, 1
81049, 1
81053, 2
81055, 2
81060, 1
81061, 1
81062, 1
81068, 1
81069, 2
81070, 1
81073, 1
81074, 1
81078, 1
81080, 1
81084, 1
81105, 2
81109, 1
81113, 1
81123, 1
81125, 1
81130, 1
81135, 1
81138, 1
81142, 1
81147, 1
81148, 1
81152, 2
81162, 1
81176, 1
81179, 1
81188, 1
81198, 2
81202, 1
81212, 1
81215, 1
81219, 1
81230, 1
81236, 1
81239, 1
81244, 1
81246, 1
81248, 1
81253, 1
81265, 1
81271, 1
81272, 1
81283, 2
81284, 1
81296, 2
81297, 1
81300, 2
81303, 1
81305, 1
81311, 1
81321, 1
81323, 1
81326, 1
81327, 1
81330, 1
81336, 1
81343, 1
81348, 1
81350, 1
81362, 2
81372, 1
81376, 1
81378, 1
81380, 1
81382, 1
81397, 1
81405, 1
81408, 1
81416, 1
81419, 2
81429, 1
81434, 2
81437, 1
81441, 2
81447, 1
81449, 1
81460, 1
81466, 1
81467, 1
81470, 1
81481, 1
81485, 1
81507, 2
81511, 1
81526, 1
81537, 1
81542, 1
81550, 1
81551, 2
81565, 1
81567, 1
81571, 1
81572, 1
81573, 3
81575, 1
81578, 1
81580, 1
81585, 1
81597, 2
81600, 2
81601, 1
81602, 1
81604, 1
81610, 1
81614, 2
81624, 1
81625, 1
81626, 1
81628, 1
81630, 1
81636, 1
81641, 1
81643, 1
81650, 2
81660, 1
81668, 1
81674, 2
81680, 1
81681, 1
81684, 1
81688, 1
81689, 3
81690, 1
81693, 1
81694, 1
81698, 2
81703, 1
81704, 1
81713, 2
81722, 1
81723, 1
81727, 1
81730, 1
81739, 1
81742, 1
81744, 1
81745, 1
81751, 2
81758, 1
81760, 1
81771, 1
81774, 1
81778, 1
81779, 1
81789, 1
81800, 1
81804, 1
81808, 1
81809, 1
81813, 1
81816, 2
81825, 1
81827, 1
81832, 1
81839, 1
81841, 1
81844, 1
81848, 1
81853, 1
81856, 1
81860, 1
81861, 1
81865, 1
81870, 1
81871, 1
81879, 1
81882, 1
81890, 1
81894, 1
81895, 1
81899, 1
81906, 1
81917, 3
81924, 2
81925, 2
81929, 1
81932, 1
81940, 1
81943, 1
81945, 1
81948, 1
81950, 2
81952, 1
81953, 1
81954, 1
81958, 1
81968, 1
81972, 1
81975, 1
81978, 1
81983, 1
81986, 1
81996, 2
81998, 1
82000, 1
82008, 1
82020, 1
82028, 1
82030, 1
82035, 1
82043, 1
82044, 1
82045, 1
82046, 1
82048, 1
82050, 1
82053, 1
82059, 1
82068, 2
82069, 1
82071, 1
82082, 1
82090, 1
82091, 1
82095, 1
82110, 1
82113, 1
82116, 1
82121, 1
82129, 1
82135, 1
82138, 1
82139, 1
82145, 1
82152, 1
82153, 1
82163, 1
82169, 1
82174, 1
82175, 1
82176, 1
82183, 1
82188, 1
82193, 1
82198, 1
82206, 1
82207, 2
82214, 2
82231, 1
82238, 1
82241, 1
82253, 1
82266, 1
82272, 1
82275, 1
82276, 1
82292, 1
82305, 1
82313, 1
82323, 1
82337, 1
82339, 1
82351, 1
82356, 1
82369, 1
82370, 1
82372, 1
82379, 2
82386, 2
82409, 1
82417, 1
82418, 1
82436, 1
82437, 1
82457, 1
82463, 1
82466, 1
82469, 1
82483, 1
82487, 1
82492, 1
82498, 1
82502, 1
82520, 2
82524, 1
82533, 1
82535, 1
82537, 1
82548, 1
82555, 1
82565, 1
82567, 1
82568, 1
82576, 1
82587, 1
82591, 1
82594, 1
82599, 1
82608, 1
82615, 1
82620, 1
82621, 2
82631, 1
82637, 1
82642, 1
82646, 1
82659, 1
82661, 1
82665, 1
82670, 1
82673, 1
82675, 1
82681, 1
82690, 1
82699, 1
82701, 1
82704, 1
82708, 1
82709, 1
82714, 2
82717, 1
82729, 2
82740, 1
82744, 1
82747, 1
82759, 1
82762, 1
82765, 1
82766, 1
82771, 1
82777, 1
82779, 1
82792, 1
82800, 2
82807, 1
82813, 1
82835, 1
82849, 1
82851, 1
82855, 1
82856, 1
82874, 1
82879, 1
82889, 1
82902, 1
82918, 1
82919, 1
82921, 1
82926, 1
82930, 1
82931, 1
82935, 2
82937, 2
82938, 1
82942, 1
82944, 1
82945, 1
82951, 1
82957, 1
82963, 1
82973, 1
82977, 1
82982, 1
82996, 1
83001, 1
83021, 2
83032, 1
83044, 1
83045, 1
83052, 1
83066, 1
83091, 1
83092, 1
83094, 1
83097, 1
83105, 2
83108, 1
83111, 1
83115, 1
83136, 1
83157, 1
83163, 1
83164, 1
83168, 1
83183, 1
83186, 1
83192, 1
83198, 1
83203, 1
83213, 1
83216, 1
83231, 1
83237, 1
83247, 1
83248, 1
83252, 1
83262, 1
83264, 1
83267, 1
83275, 1
83294, 1
83296, 1
83305, 1
83306, 1
83311, 1
83331, 1
83345, 1
83352, 1
83354, 1
83356, 1
83375, 1
83378, 1
83379, 1
83381, 2
83382, 1
83384, 1
83388, 1
83393, 1
83394, 1
83415, 1
83417, 1
83427, 2
83430, 1
83444, 2
83446, 1
83450, 1
83454, 1
83479, 1
83487, 1
83488, 1
83501, 1
83511, 1
83516, 2
83518, 1
83527, 1
83528, 1
83534, 1
83536, 1
83541, 1
83548, 1
83550, 1
83555, 1
83556, 1
83570, 1
83573, 1
83582, 1
83587, 1
83592, 1
83593, 2
83611, 1
83619, 1
83639, 1
83646, 1
83670, 1
83672, 1
83682, 1
83684, 1
83702, 1
83703, 1
83708, 1
83713, 1
83716, 1
83724, 1
83731, 1
83740, 1
83750, 1
83765, 1
83769, 1
83770, 1
83772, 1
83775, 1
83803, 1
83810, 1
83823, 1
83829, 1
83832, 1
83851, 1
83855, 1
83861, 1
83865, 1
83866, 1
83871, 1
83877, 1
83883, 1
83885, 1
83901, 1
83904, 1
83916, 1
83944, 1
83966, 1
83967, 1
83969, 1
83970, 2
83971, 1
83974, 1
83998, 1
84010, 1
84017, 1
84029, 1
84032, 1
84063, 1
84081, 1
84083, 1
84084, 1
84086, 1
84096, 1
84101, 1
84102, 1
84110, 1
84114, 1
84121, 2
84124, 1
84127, 2
84137, 1
84141, 1
84153, 1
84154, 1
84159, 1
84173, 1
84175, 1
84176, 1
84185, 1
84194, 1
84195, 1
84217, 1
84223, 1
84226, 1
84237, 1
84253, 1
84261, 1
84263, 1
84269, 1
84270, 2
84274, 1
84275, 1
84278, 2
84288, 1
84292, 1
84303, 1
84311, 1
84314, 1
84325, 1
84332, 1
84334, 1
84340, 1
84346, 1
84384, 1
84398, 1
84408, 1
84412, 2
84450, 1
84458, 1
84491, 1
84492, 1
84503, 1
84512, 2
84516, 1
84519, 1
84522, 1
84523, 1
84527, 1
84529, 1
84531, 2
84544, 1
84548, 1
84567, 1
84574, 2
84602, 1
84612, 1
84632, 1
84648, 1
84652, 1
84663, 1
84682, 1
84702, 1
84706, 1
84711, 1
84721, 1
84722, 1
84737, 1
84749, 1
84750, 1
84753, 1
84758, 1
84776, 1
84786, 1
84787, 1
84799, 1
84826, 1
84830, 1
84856, 1
84867, 1
84874, 1
84878, 1
84882, 1
84885, 1
84895, 1
84907, 1
84920, 1
84937, 1
84938, 1
84951, 1
84964, 1
84969, 1
85001, 1
85004, 1
85012, 1
85027, 1
85044, 1
85073, 1
85074, 1
85078, 1
85082, 1
85091, 1
85099, 1
85101, 1
85105, 1
85110, 1
85123, 1
85130, 1
85145, 1
85166, 1
85209, 1
85222, 1
85224, 1
85244, 1
85248, 1
85256, 1
85261, 1
85286, 1
85295, 1
85304, 1
85333, 1
85344, 1
85385, 1
85396, 1
85408, 1
85425, 1
85438, 1
85446, 1
85447, 1
85455, 1
85458, 1
85491, 1
85510, 1
85519, 1
85533, 1
85536, 1
85552, 1
85564, 1
85567, 2
85580, 1
85583, 1
85603, 1
85604, 1
85622, 1
85625, 1
85650, 1
85651, 1
85655, 1
85660, 1
85683, 1
85687, 1
85698, 1
85705, 1
85726, 1
85728, 1
85729, 1
85743, 1
85752, 1
85759, 1
85771, 1
85776, 1
85783, 1
85786, 1
85797, 1
85799, 1
85809, 1
85810, 1
85812, 1
85822, 1
85824, 1
85852, 1
85855, 1
85858, 1
85862, 1
85899, 1
85911, 1
85920, 1
85925, 1
85926, 1
85938, 1
85966, 1
85968, 1
86002, 1
86003, 1
86015, 1
86047, 1
86064, 1
86065, 1
86113, 1
86115, 1
86119, 1
86136, 1
86139, 2
86142, 1
86148, 2
86152, 1
86234, 2
86243, 1
86247, 1
86267, 1
86297, 1
86321, 1
86352, 1
86355, 1
86370, 1
86373, 1
86375, 1
86379, 1
86381, 1
86390, 1
86393, 1
86410, 1
86428, 1
86437, 2
86470, 1
86481, 1
86487, 1
86488, 1
86530, 1
86535, 1
86542, 1
86591, 1
86646, 1
86692, 1
86698, 1
86707, 1
86721, 1
86769, 1
86772, 1
86773, 1
86801, 1
86813, 1
86817, 1
86838, 1
86892, 1
86959, 1
86968, 1
86977, 1
86988, 1
86999, 1
87031, 1
87037, 1
87057, 1
87058, 1
87084, 1
87099, 1
87106, 1
87109, 1
87130, 1
87147, 1
87149, 1
87186, 1
87196, 1
87245, 1
87320, 1
87372, 1
87386, 1
87469, 1
87489, 1
87493, 1
87537, 1
87553, 1
87606, 1
87645, 1
87648, 1
87655, 1
87691, 1
87744, 1
87770, 1
87771, 2
87778, 1
87810, 1
87817, 1
87827, 1
87840, 1
87850, 1
87861, 1
87897, 1
87960, 1
87964, 1
88013, 1
88021, 1
88064, 1
88089, 2
88127, 1
88131, 2
88159, 1
88171, 2
88313, 1
88333, 1
88388, 1
88405, 1
88434, 1
88436, 1
88446, 1
88469, 1
88489, 1
88525, 1
88534, 1
88624, 2
88662, 1
88677, 1
88678, 1
88715, 1
88721, 1
88727, 1
88737, 1
88744, 1
88848, 1
88903, 1
88910, 1
88978, 1
88988, 1
88993, 1
89088, 1
89102, 2
89229, 1
89246, 1
89264, 1
89374, 1
89418, 1
89455, 1
89468, 1
89473, 1
89543, 1
89559, 1
89570, 1
89616, 1
89656, 1
89733, 1
89735, 1
89755, 1
89793, 1
89983, 1
90004, 1
90005, 1
90039, 1
90066, 1
90078, 1
90081, 1
90136, 2
90159, 1
90341, 1
90352, 1
90355, 1
90400, 1
90401, 1
90443, 1
90456, 1
90504, 1
90539, 1
90803, 1
90842, 1
90954, 1
91452, 1
91539, 1
91590, 1
91674, 1
91690, 1
91710, 1
91755, 1
91779, 1
91955, 1
91957, 1
92075, 1
92142, 1
92207, 1
92327, 1
92358, 1
92445, 1
92448, 1
92461, 1
92849, 1
93459, 1
93567, 1
93648, 1
94532, 1
95025, 1
95497, 1
96049, 1
96853, 1
97114, 1
97963, 1
98116, 1
