48618, 1
53332, 1
54285, 1
56811, 1
57163, 1
57884, 1
58337, 1
58428, 1
58643, 1
59070, 1
59335, 1
59886, 1
60090, 1
60278, 1
60349, 1
60419, 1
60456, 1
60478, 1
60651, 1
60700, 1
60773, 1
60809, 1
61077, 1
61186, 1
61300, 1
61462, 1
61618, 1
61626, 1
61636, 1
61802, 1
61933, 1
62057, 1
62100, 1
62353, 1
62431, 1
62462, 1
62466, 1
62474, 1
62506, 1
62522, 1
62705, 1
62743, 1
62852, 1
62908, 1
62945, 1
62951, 1
62995, 1
63054, 1
63078, 1
63120, 1
63185, 1
63256, 1
63339, 1
63343, 1
63346, 1
63700, 1
63773, 1
63822, 1
63902, 1
63913, 1
63947, 1
63991, 1
64010, 1
64019, 1
64127, 1
64133, 1
64140, 1
64231, 1
64397, 1
64425, 1
64463, 1
64492, 1
64684, 1
64706, 1
64744, 1
64798, 1
64828, 1
64867, 1
64890, 1
64895, 1
64907, 1
64949, 1
65079, 1
65137, 1
65197, 1
65201, 1
65203, 1
65216, 1
65300, 1
65320, 1
65353, 1
65366, 1
65373, 1
65393, 1
65466, 1
65477, 1
65501, 1
65509, 1
65512, 1
65521, 1
65527, 1
65561, 1
65566, 1
65577, 1
65602, 1
65623, 1
65625, 1
65635, 1
65718, 1
65731, 1
65801, 1
65820, 1
65846, 1
65864, 1
65872, 1
65873, 1
65884, 1
65888, 1
65911, 1
65962, 1
65991, 1
66031, 1
66044, 1
66048, 1
66095, 1
66137, 1
66141, 1
66205, 1
66280, 1
66281, 1
66333, 1
66353, 1
66370, 1
66371, 1
66409, 1
66411, 1
66437, 1
66457, 1
66481, 1
66490, 1
66496, 1
66650, 1
66656, 1
66676, 1
66706, 1
66719, 1
66767, 1
66790, 1
66801, 1
66807, 1
66826, 1
66878, 1
66908, 1
66934, 1
66942, 1
66955, 1
66959, 1
66960, 1
66981, 1
66985, 1
67000, 1
67026, 1
67028, 1
67128, 1
67140, 1
67144, 1
67189, 1
67190, 1
67199, 2
67204, 1
67206, 1
67210, 1
67249, 1
67273, 1
67302, 1
67310, 1
67343, 1
67344, 1
67361, 1
67367, 1
67373, 1
67377, 1
67424, 1
67448, 1
67455, 1
67477, 1
67516, 1
67519, 1
67566, 1
67568, 1
67574, 1
67587, 1
67610, 1
67618, 1
67626, 1
67630, 1
67648, 1
67661, 1
67669, 2
67673, 1
67691, 1
67695, 1
67702, 1
67707, 1
67717, 1
67732, 1
67734, 2
67772, 1
67774, 1
67780, 1
67783, 1
67843, 1
67877, 1
67930, 1
67932, 1
67981, 1
67982, 1
67999, 1
68006, 1
68028, 1
68037, 1
68041, 1
68056, 1
68063, 1
68070, 1
68084, 1
68089, 1
68102, 1
68103, 1
68120, 1
68129, 1
68133, 1
68148, 1
68169, 1
68171, 1
68173, 1
68192, 1
68204, 1
68217, 1
68250, 1
68262, 1
68283, 1
68285, 1
68303, 1
68312, 1
68330, 1
68335, 2
68337, 1
68345, 1
68359, 1
68372, 1
68401, 1
68415, 1
68431, 1
68433, 1
68446, 1
68451, 1
68469, 1
68470, 1
68502, 1
68513, 1
68530, 1
68547, 1
68565, 1
68578, 1
68599, 1
68603, 1
68621, 1
68639, 1
68649, 1
68682, 1
68689, 1
68696, 1
68702, 1
68731, 1
68751, 1
68752, 1
68755, 1
68786, 1
68788, 1
68817, 1
68820, 1
68832, 1
68834, 1
68868, 1
68885, 1
68900, 1
68919, 1
68925, 1
68936, 1
68939, 1
68941, 1
68971, 1
68999, 1
69021, 1
69026, 2
69029, 1
69052, 2
69063, 1
69079, 1
69090, 1
69114, 1
69156, 1
69184, 1
69192, 1
69195, 1
69199, 1
69212, 1
69219, 1
69221, 1
69232, 1
69237, 1
69251, 1
69254, 1
69259, 1
69277, 1
69279, 1
69282, 1
69294, 1
69295, 1
69307, 1
69311, 2
69325, 1
69331, 1
69347, 1
69367, 1
69407, 1
69441, 1
69456, 1
69475, 1
69482, 1
69484, 1
69491, 1
69500, 1
69526, 1
69530, 1
69559, 1
69570, 1
69572, 1
69603, 1
69617, 1
69624, 1
69644, 1
69649, 1
69651, 1
69664, 1
69665, 1
69671, 1
69691, 1
69704, 1
69714, 1
69718, 1
69725, 1
69726, 1
69737, 1
69738, 1
69747, 1
69757, 1
69762, 1
69769, 1
69777, 1
69779, 1
69784, 1
69806, 1
69816, 1
69822, 1
69840, 1
69841, 1
69847, 1
69861, 1
69866, 1
69869, 1
69875, 1
69900, 1
69903, 1
69909, 1
69917, 1
69918, 1
69925, 1
69938, 1
69959, 1
69964, 1
69965, 1
69968, 1
69977, 1
69990, 2
70019, 2
70047, 1
70068, 1
70070, 1
70071, 1
70074, 1
70082, 1
70092, 1
70107, 1
70122, 1
70126, 1
70136, 1
70162, 1
70163, 1
70167, 1
70168, 1
70177, 2
70201, 1
70220, 1
70223, 1
70226, 1
70235, 1
70238, 1
70239, 2
70246, 1
70247, 1
70260, 1
70262, 1
70264, 1
70288, 1
70297, 1
70301, 1
70311, 1
70317, 1
70324, 1
70327, 1
70333, 1
70334, 1
70337, 1
70338, 1
70341, 1
70347, 1
70353, 1
70358, 1
70385, 1
70392, 1
70423, 1
70438, 1
70448, 1
70463, 1
70469, 1
70477, 1
70484, 1
70487, 1
70488, 1
70501, 1
70508, 1
70510, 1
70518, 1
70527, 1
70540, 1
70542, 1
70548, 1
70553, 1
70555, 1
70556, 1
70571, 1
70581, 1
70587, 1
70609, 1
70620, 1
70624, 1
70638, 1
70648, 1
70662, 1
70672, 1
70676, 1
70717, 1
70737, 1
70744, 1
70747, 1
70755, 1
70761, 1
70768, 1
70769, 1
70777, 1
70781, 1
70794, 1
70795, 1
70810, 1
70813, 1
70819, 1
70835, 1
70855, 1
70867, 1
70876, 1
70885, 1
70894, 1
70900, 1
70901, 1
70915, 2
70922, 1
70943, 1
70944, 1
70946, 1
70950, 1
70963, 1
70970, 1
70972, 1
70974, 1
70981, 1
70989, 1
70994, 1
70995, 1
71006, 1
71010, 1
71011, 1
71013, 1
71019, 1
71028, 1
71033, 1
71036, 1
71053, 1
71083, 1
71092, 1
71093, 1
71094, 1
71096, 1
71104, 1
71106, 1
71108, 1
71110, 1
71121, 1
71122, 1
71131, 1
71132, 1
71139, 1
71140, 1
71151, 1
71156, 1
71163, 1
71168, 1
71169, 1
71181, 1
71195, 1
71203, 1
71209, 1
71213, 1
71214, 1
71215, 1
71228, 1
71231, 1
71248, 1
71257, 1
71270, 1
71272, 1
71281, 1
71287, 1
71293, 1
71294, 1
71305, 2
71342, 1
71344, 1
71350, 1
71351, 1
71358, 1
71367, 1
71373, 1
71374, 1
71378, 1
71387, 1
71392, 1
71397, 1
71399, 1
71414, 1
71427, 1
71428, 1
71433, 1
71436, 1
71440, 1
71447, 1
71455, 1
71469, 3
71473, 1
71479, 1
71487, 1
71488, 1
71489, 1
71491, 1
71495, 1
71516, 1
71522, 1
71547, 2
71549, 1
71556, 1
71557, 1
71558, 1
71560, 1
71562, 1
71565, 1
71567, 1
71568, 1
71573, 1
71582, 1
71594, 1
71600, 1
71602, 1
71622, 1
71628, 1
71634, 1
71640, 1
71643, 1
71662, 1
71663, 1
71669, 2
71677, 1
71679, 1
71681, 1
71686, 1
71701, 1
71705, 1
71707, 1
71709, 1
71714, 1
71715, 1
71716, 1
71718, 1
71735, 1
71748, 1
71749, 2
71755, 1
71758, 1
71762, 1
71770, 1
71773, 1
71775, 1
71778, 1
71779, 1
71782, 2
71785, 1
71805, 1
71820, 1
71823, 1
71833, 1
71838, 1
71839, 1
71843, 1
71845, 1
71849, 1
71851, 1
71853, 1
71854, 1
71855, 1
71861, 1
71864, 1
71872, 1
71875, 1
71876, 1
71901, 1
71912, 1
71916, 1
71917, 1
71938, 1
71948, 1
71950, 1
71953, 1
71955, 1
71958, 1
71963, 1
71972, 1
71981, 1
71983, 1
71992, 1
71994, 1
71995, 1
71996, 1
71997, 1
72000, 1
72001, 1
72002, 1
72003, 1
72005, 1
72008, 1
72009, 1
72030, 1
72041, 1
72057, 1
72058, 1
72060, 1
72063, 1
72064, 1
72074, 1
72075, 1
72077, 1
72088, 1
72097, 1
72098, 1
72100, 1
72104, 2
72108, 1
72121, 1
72122, 1
72125, 1
72146, 1
72155, 1
72156, 1
72164, 1
72166, 1
72172, 2
72174, 2
72181, 1
72186, 1
72187, 1
72188, 1
72192, 1
72196, 1
72203, 1
72206, 1
72218, 1
72222, 1
72226, 1
72229, 1
72232, 1
72239, 1
72251, 1
72257, 1
72262, 1
72268, 1
72285, 1
72286, 1
72288, 1
72294, 3
72296, 1
72297, 2
72312, 1
72316, 1
72317, 1
72320, 2
72321, 1
72323, 1
72324, 1
72333, 1
72337, 1
72338, 1
72346, 1
72353, 1
72359, 1
72365, 2
72369, 1
72383, 1
72390, 1
72392, 1
72400, 1
72407, 1
72411, 1
72421, 1
72425, 1
72428, 1
72429, 1
72430, 1
72437, 1
72442, 1
72454, 1
72456, 1
72469, 1
72475, 1
72476, 1
72477, 1
72478, 1
72486, 1
72495, 1
72496, 1
72497, 1
72499, 1
72500, 1
72508, 1
72514, 1
72516, 1
72524, 1
72532, 1
72534, 2
72541, 1
72543, 1
72556, 1
72564, 1
72566, 1
72584, 1
72590, 1
72621, 1
72651, 1
72657, 1
72658, 1
72665, 1
72669, 1
72671, 1
72672, 2
72677, 1
72681, 1
72683, 2
72686, 1
72688, 1
72692, 1
72693, 1
72695, 2
72696, 2
72711, 1
72713, 1
72728, 1
72737, 1
72743, 1
72746, 2
72749, 1
72755, 1
72759, 1
72767, 1
72776, 1
72780, 1
72783, 2
72788, 2
72792, 1
72796, 2
72807, 1
72808, 1
72816, 1
72818, 1
72823, 1
72840, 1
72855, 1
72856, 1
72857, 1
72867, 1
72871, 2
72877, 1
72879, 1
72882, 1
72885, 1
72895, 1
72898, 1
72904, 1
72905, 1
72906, 2
72908, 1
72914, 2
72917, 2
72922, 1
72932, 1
72944, 1
72951, 1
72961, 1
72975, 1
72978, 1
72982, 1
72994, 1
72999, 1
73010, 1
73020, 2
73022, 2
73024, 1
73035, 1
73036, 1
73037, 1
73049, 1
73053, 1
73056, 2
73072, 2
73075, 1
73078, 1
73080, 1
73100, 1
73101, 2
73107, 1
73108, 1
73113, 1
73114, 1
73116, 1
73118, 1
73119, 1
73121, 1
73130, 1
73137, 1
73139, 1
73155, 2
73165, 1
73169, 1
73179, 1
73189, 1
73196, 1
73198, 2
73211, 1
73213, 1
73223, 2
73224, 1
73230, 1
73239, 1
73240, 1
73241, 1
73242, 1
73243, 1
73244, 1
73246, 1
73252, 1
73257, 1
73260, 1
73264, 1
73271, 1
73273, 1
73281, 1
73284, 1
73285, 2
73287, 1
73294, 1
73307, 1
73317, 1
73318, 1
73321, 1
73329, 1
73337, 1
73344, 1
73350, 1
73352, 1
73353, 1
73357, 1
73366, 1
73371, 2
73372, 1
73373, 1
73378, 1
73384, 1
73387, 1
73400, 1
73401, 2
73405, 1
73412, 1
73418, 1
73419, 1
73420, 2
73423, 1
73425, 2
73431, 2
73442, 2
73448, 1
73449, 1
73455, 1
73457, 1
73463, 1
73464, 1
73469, 1
73470, 1
73477, 1
73481, 1
73485, 1
73487, 1
73496, 1
73497, 1
73498, 1
73503, 2
73505, 1
73510, 1
73511, 1
73514, 1
73516, 1
73526, 1
73529, 1
73534, 1
73543, 1
73544, 1
73546, 1
73551, 1
73556, 1
73558, 1
73563, 1
73571, 2
73573, 1
73574, 1
73579, 1
73581, 1
73584, 1
73585, 1
73586, 1
73588, 1
73592, 1
73598, 1
73609, 1
73613, 1
73623, 1
73628, 1
73634, 1
73654, 1
73662, 1
73663, 1
73669, 1
73674, 1
73681, 1
73682, 1
73683, 1
73684, 1
73688, 1
73693, 1
73705, 1
73708, 1
73709, 1
73713, 2
73715, 1
73721, 1
73722, 1
73724, 1
73732, 1
73734, 1
73736, 1
73740, 1
73742, 1
73744, 1
73746, 1
73749, 2
73757, 1
73758, 1
73761, 1
73762, 1
73765, 1
73768, 1
73776, 1
73777, 1
73804, 1
73807, 1
73817, 1
73821, 1
73828, 1
73829, 1
73831, 1
73832, 1
73834, 1
73842, 1
73846, 1
73850, 1
73854, 1
73868, 1
73869, 1
73881, 2
73889, 1
73890, 1
73891, 1
73892, 1
73893, 2
73896, 1
73900, 2
73903, 1
73908, 1
73919, 2
73920, 2
73923, 1
73926, 1
73928, 1
73930, 1
73934, 1
73935, 1
73942, 1
73943, 1
73944, 2
73949, 1
73962, 1
73963, 1
73966, 1
73967, 1
73968, 2
73969, 1
73978, 1
73983, 1
73987, 2
73992, 1
73995, 1
73998, 1
74001, 1
74005, 2
74013, 1
74017, 1
74020, 1
74021, 1
74027, 2
74030, 1
74033, 1
74035, 1
74043, 1
74049, 1
74051, 1
74053, 1
74055, 1
74059, 1
74064, 1
74066, 1
74073, 1
74074, 1
74077, 1
74078, 1
74084, 1
74088, 1
74089, 1
74092, 2
74098, 1
74099, 1
74103, 1
74104, 1
74106, 1
74108, 1
74111, 1
74114, 1
74115, 1
74122, 2
74133, 1
74141, 2
74148, 1
74150, 1
74152, 3
74154, 1
74163, 1
74165, 1
74191, 1
74195, 2
74209, 1
74212, 1
74216, 1
74221, 1
74232, 1
74234, 1
74236, 1
74237, 1
74244, 1
74245, 1
74260, 1
74267, 1
74268, 2
74274, 1
74288, 1
74290, 1
74291, 2
74295, 1
74296, 1
74298, 1
74307, 1
74308, 1
74311, 1
74314, 1
74320, 1
74322, 1
74324, 1
74338, 2
74345, 1
74358, 2
74362, 1
74363, 1
74375, 1
74376, 2
74392, 1
74401, 1
74410, 2
74412, 2
74416, 1
74421, 1
74428, 1
74429, 1
74431, 1
74437, 1
74442, 1
74454, 1
74466, 1
74467, 1
74469, 1
74472, 1
74473, 1
74479, 1
74482, 2
74483, 1
74484, 1
74491, 1
74494, 1
74501, 1
74508, 1
74513, 2
74515, 1
74520, 1
74525, 1
74531, 1
74532, 1
74534, 1
74536, 1
74537, 1
74540, 1
74541, 1
74552, 1
74554, 1
74558, 1
74564, 1
74566, 1
74574, 1
74576, 1
74579, 2
74596, 1
74599, 1
74601, 1
74602, 1
74606, 1
74607, 1
74621, 1
74624, 1
74626, 1
74629, 1
74632, 1
74634, 1
74639, 3
74646, 1
74655, 1
74656, 1
74657, 1
74664, 1
74666, 1
74673, 2
74675, 1
74676, 1
74684, 1
74686, 1
74695, 2
74703, 1
74708, 1
74709, 2
74710, 1
74712, 1
74716, 1
74722, 1
74725, 1
74734, 2
74735, 2
74737, 1
74740, 1
74743, 1
74746, 2
74748, 2
74751, 1
74755, 2
74758, 1
74763, 1
74764, 2
74765, 1
74766, 1
74769, 1
74771, 1
74772, 2
74774, 1
74777, 1
74779, 2
74784, 1
74786, 1
74790, 1
74792, 1
74793, 1
74796, 1
74801, 1
74804, 1
74810, 1
74812, 1
74818, 2
74826, 1
74827, 1
74829, 2
74832, 1
74835, 1
74837, 1
74839, 1
74840, 1
74849, 1
74850, 1
74853, 1
74856, 1
74857, 1
74860, 1
74865, 2
74869, 1
74881, 1
74882, 1
74886, 1
74894, 1
74897, 1
74899, 1
74900, 1
74901, 1
74905, 1
74908, 1
74913, 1
74919, 1
74926, 1
74929, 2
74931, 1
74933, 1
74936, 1
74941, 1
74943, 1
74944, 1
74945, 1
74946, 1
74951, 1
74958, 2
74968, 1
74969, 1
74976, 1
74979, 1
74984, 1
74990, 1
74996, 1
74999, 1
75002, 2
75004, 1
75010, 1
75023, 1
75027, 1
75032, 1
75033, 1
75035, 1
75037, 1
75042, 1
75043, 1
75044, 1
75045, 1
75046, 1
75047, 1
75052, 1
75055, 1
75057, 1
75066, 1
75067, 1
75070, 1
75071, 1
75075, 1
75080, 1
75081, 2
75083, 1
75088, 1
75089, 1
75099, 1
75100, 1
75108, 1
75109, 1
75113, 1
75114, 1
75126, 1
75128, 1
75133, 1
75134, 1
75137, 1
75140, 1
75145, 1
75147, 1
75149, 1
75159, 1
75160, 1
75163, 2
75168, 1
75173, 1
75179, 1
75180, 1
75188, 1
75190, 1
75194, 1
75199, 2
75204, 1
75207, 2
75209, 2
75217, 1
75232, 1
75238, 1
75240, 1
75247, 1
75250, 1
75253, 1
75254, 1
75256, 1
75260, 1
75275, 1
75277, 1
75283, 1
75287, 1
75293, 1
75316, 2
75325, 2
75328, 1
75333, 1
75337, 2
75338, 1
75341, 1
75342, 1
75344, 1
75346, 1
75348, 1
75350, 1
75351, 1
75358, 1
75359, 1
75366, 1
75367, 1
75368, 1
75369, 1
75389, 2
75391, 1
75394, 1
75398, 1
75401, 1
75404, 1
75405, 1
75409, 1
75418, 1
75421, 1
75424, 1
75426, 1
75427, 2
75432, 1
75442, 2
75448, 1
75459, 1
75460, 2
75462, 1
75465, 1
75466, 1
75468, 1
75497, 1
75503, 1
75504, 1
75505, 1
75507, 1
75510, 1
75512, 1
75519, 1
75522, 1
75525, 1
75528, 1
75535, 1
75536, 1
75538, 1
75548, 1
75574, 1
75576, 1
75577, 1
75580, 1
75581, 1
75586, 1
75590, 1
75591, 1
75595, 1
75601, 1
75605, 1
75610, 1
75612, 1
75614, 1
75620, 1
75625, 2
75630, 1
75632, 1
75634, 2
75635, 1
75650, 1
75651, 1
75668, 1
75669, 1
75670, 1
75671, 2
75672, 1
75673, 1
75679, 3
75684, 1
75687, 1
75688, 1
75689, 2
75691, 1
75693, 1
75695, 1
75701, 1
75702, 2
75703, 1
75708, 1
75712, 1
75716, 1
75722, 1
75725, 1
75727, 1
75730, 1
75731, 1
75736, 1
75755, 1
75758, 1
75759, 1
75761, 1
75762, 1
75763, 2
75769, 1
75775, 1
75776, 1
75784, 1
75791, 1
75792, 1
75793, 2
75800, 1
75801, 1
75807, 1
75809, 1
75810, 1
75811, 1
75812, 1
75813, 1
75814, 1
75816, 1
75818, 1
75821, 1
75822, 1
75823, 1
75839, 1
75843, 1
75846, 1
75848, 1
75850, 1
75852, 1
75853, 2
75855, 2
75858, 1
75861, 1
75862, 1
75863, 1
75866, 2
75873, 1
75877, 2
75886, 1
75890, 2
75893, 1
75895, 1
75896, 1
75905, 1
75914, 1
75916, 1
75917, 3
75918, 1
75921, 1
75927, 1
75934, 1
75936, 2
75939, 1
75942, 2
75945, 1
75947, 1
75948, 1
75951, 1
75960, 1
75965, 4
75966, 1
75967, 1
75970, 1
75981, 1
75983, 1
75996, 1
76002, 1
76004, 1
76006, 1
76012, 1
76013, 1
76015, 1
76017, 1
76023, 1
76035, 1
76041, 2
76043, 1
76044, 1
76048, 1
76056, 2
76058, 2
76060, 1
76067, 1
76069, 1
76074, 1
76076, 1
76077, 1
76080, 1
76085, 1
76088, 1
76089, 1
76091, 1
76100, 1
76101, 1
76103, 2
76106, 1
76107, 1
76110, 2
76120, 1
76121, 1
76123, 1
76126, 1
76127, 2
76128, 1
76129, 1
76130, 1
76141, 1
76147, 1
76149, 1
76153, 2
76157, 1
76158, 1
76168, 1
76170, 3
76171, 1
76172, 1
76175, 1
76178, 1
76189, 1
76190, 1
76191, 1
76196, 1
76200, 2
76214, 1
76224, 2
76229, 1
76231, 1
76232, 1
76237, 1
76238, 1
76239, 1
76244, 1
76245, 2
76247, 1
76252, 1
76254, 1
76258, 2
76260, 1
76263, 1
76265, 1
76278, 2
76279, 1
76280, 2
76282, 1
76286, 1
76289, 1
76292, 2
76294, 1
76299, 2
76301, 1
76317, 1
76319, 2
76321, 2
76322, 1
76324, 2
76334, 1
76337, 1
76338, 2
76340, 1
76342, 1
76348, 1
76349, 1
76356, 2
76358, 1
76369, 1
76371, 1
76380, 2
76382, 1
76387, 1
76389, 1
76391, 1
76392, 1
76399, 1
76407, 1
76409, 1
76410, 1
76411, 1
76419, 1
76421, 1
76423, 2
76429, 1
76430, 2
76432, 1
76439, 1
76440, 2
76443, 1
76447, 2
76448, 1
76451, 2
76452, 1
76454, 1
76456, 2
76457, 1
76459, 1
76460, 1
76462, 1
76463, 1
76468, 2
76472, 2
76474, 1
76479, 1
76482, 1
76484, 1
76487, 2
76490, 1
76491, 1
76493, 1
76497, 1
76500, 2
76502, 1
76503, 1
76505, 2
76507, 1
76509, 1
76511, 1
76512, 1
76517, 1
76518, 1
76519, 1
76524, 1
76526, 2
76527, 1
76528, 1
76529, 1
76530, 1
76532, 2
76533, 1
76537, 1
76547, 1
76552, 1
76555, 1
76556, 2
76559, 1
76565, 1
76566, 1
76567, 1
76568, 2
76576, 1
76577, 1
76578, 1
76580, 1
76582, 1
76585, 1
76589, 1
76591, 1
76597, 1
76600, 3
76602, 1
76606, 1
76609, 1
76613, 1
76621, 1
76625, 1
76636, 1
76637, 2
76641, 1
76643, 1
76651, 1
76653, 1
76654, 1
76661, 1
76663, 2
76664, 2
76673, 1
76676, 1
76680, 1
76681, 1
76683, 1
76685, 1
76686, 1
76690, 1
76693, 1
76694, 1
76695, 1
76696, 1
76697, 1
76704, 1
76705, 1
76709, 3
76712, 1
76713, 1
76717, 1
76718, 1
76727, 2
76729, 1
76735, 1
76737, 2
76738, 1
76743, 1
76744, 1
76746, 1
76747, 1
76749, 1
76754, 2
76762, 1
76777, 2
76778, 1
76779, 1
76787, 2
76789, 1
76791, 1
76793, 1
76794, 1
76802, 1
76803, 1
76809, 1
76817, 1
76818, 1
76820, 2
76829, 1
76831, 1
76832, 1
76836, 1
76841, 1
76842, 1
76845, 1
76853, 1
76860, 1
76862, 1
76866, 1
76869, 1
76870, 1
76872, 1
76873, 2
76874, 1
76875, 1
76876, 1
76880, 2
76883, 1
76884, 2
76885, 1
76887, 1
76897, 2
76899, 1
76902, 2
76903, 1
76910, 2
76916, 1
76924, 1
76926, 1
76927, 2
76931, 1
76938, 1
76944, 1
76947, 1
76950, 1
76952, 2
76958, 1
76962, 1
76969, 2
76971, 1
76972, 1
76973, 1
76975, 2
76978, 1
76981, 1
76983, 1
76985, 1
76990, 1
76991, 1
76993, 1
77000, 1
77001, 1
77011, 1
77015, 1
77016, 2
77018, 1
77023, 1
77024, 1
77025, 1
77027, 1
77030, 1
77031, 1
77034, 1
77035, 1
77039, 1
77045, 1
77046, 1
77049, 1
77050, 1
77051, 1
77052, 1
77053, 1
77057, 1
77062, 2
77064, 1
77066, 1
77072, 1
77073, 2
77076, 1
77077, 1
77080, 1
77082, 1
77084, 2
77091, 2
77095, 1
77097, 1
77100, 2
77106, 1
77108, 1
77109, 1
77119, 1
77121, 1
77126, 1
77130, 1
77131, 1
77133, 2
77134, 1
77139, 2
77145, 1
77147, 1
77156, 1
77157, 3
77159, 1
77164, 1
77166, 1
77168, 1
77169, 1
77172, 2
77175, 1
77176, 1
77178, 2
77181, 1
77182, 1
77184, 1
77185, 1
77188, 1
77192, 1
77194, 1
77196, 1
77197, 2
77198, 2
77201, 1
77202, 1
77205, 1
77207, 1
77212, 1
77213, 1
77215, 1
77219, 1
77223, 1
77224, 1
77225, 2
77230, 1
77231, 1
77234, 2
77235, 2
77238, 1
77243, 1
77245, 2
77248, 2
77249, 1
77251, 1
77252, 2
77254, 1
77256, 1
77261, 1
77262, 2
77267, 1
77274, 1
77275, 1
77277, 1
77279, 1
77281, 2
77283, 1
77286, 1
77288, 1
77294, 2
77295, 1
77297, 1
77298, 1
77301, 1
77302, 2
77303, 1
77304, 1
77309, 2
77315, 1
77316, 2
77317, 1
77320, 1
77323, 1
77324, 2
77333, 1
77336, 1
77341, 1
77342, 1
77345, 2
77347, 1
77351, 1
77352, 1
77358, 3
77359, 1
77360, 2
77361, 1
77366, 1
77367, 2
77368, 1
77372, 1
77385, 1
77388, 1
77393, 1
77396, 1
77399, 1
77402, 1
77410, 2
77412, 1
77416, 1
77417, 1
77420, 3
77426, 1
77428, 2
77429, 1
77430, 1
77431, 1
77433, 1
77434, 1
77438, 1
77439, 1
77446, 1
77453, 1
77461, 1
77467, 2
77469, 2
77470, 1
77476, 1
77484, 1
77485, 1
77486, 1
77487, 1
77491, 1
77494, 1
77495, 1
77497, 1
77498, 1
77502, 1
77503, 1
77507, 1
77510, 1
77511, 2
77513, 1
77518, 1
77525, 1
77530, 1
77532, 1
77533, 1
77538, 1
77540, 1
77544, 1
77549, 1
77554, 1
77559, 1
77560, 1
77562, 1
77564, 1
77572, 1
77575, 2
77579, 1
77581, 1
77586, 1
77587, 1
77588, 2
77589, 1
77593, 2
77596, 2
77602, 1
77611, 1
77613, 1
77615, 1
77616, 1
77617, 1
77618, 1
77622, 1
77633, 1
77635, 1
77639, 2
77640, 1
77642, 1
77643, 1
77644, 2
77647, 1
77650, 1
77656, 1
77657, 1
77660, 1
77663, 1
77664, 1
77672, 1
77673, 2
77674, 2
77679, 1
77680, 1
77681, 1
77683, 1
77687, 1
77691, 1
77693, 1
77694, 1
77695, 1
77705, 1
77706, 1
77710, 1
77711, 1
77712, 1
77713, 1
77720, 1
77722, 1
77727, 1
77732, 1
77733, 1
77734, 1
77740, 1
77746, 1
77747, 4
77750, 1
77752, 1
77754, 1
77757, 1
77758, 1
77759, 1
77760, 1
77761, 1
77762, 1
77764, 1
77768, 1
77771, 1
77775, 1
77776, 1
77784, 1
77786, 1
77787, 2
77790, 1
77793, 1
77795, 1
77799, 1
77800, 1
77806, 1
77810, 1
77812, 1
77814, 1
77815, 1
77818, 2
77821, 1
77822, 1
77824, 1
77825, 1
77826, 1
77835, 2
77837, 1
77839, 1
77842, 1
77844, 2
77846, 1
77848, 1
77852, 1
77854, 1
77858, 1
77863, 2
77864, 1
77865, 1
77866, 1
77867, 1
77874, 1
77885, 1
77886, 2
77889, 1
77891, 1
77893, 1
77897, 1
77899, 1
77901, 1
77911, 1
77912, 1
77919, 1
77920, 1
77926, 1
77927, 1
77933, 2
77935, 1
77936, 1
77938, 1
77940, 1
77941, 2
77945, 1
77947, 1
77949, 4
77951, 1
77956, 2
77960, 1
77964, 2
77971, 1
77976, 1
77982, 1
77983, 1
77986, 1
77987, 2
77992, 1
77993, 1
77996, 2
77999, 1
78005, 1
78010, 2
78011, 1
78013, 1
78015, 2
78017, 1
78019, 1
78023, 2
78024, 1
78025, 1
78030, 3
78035, 1
78039, 1
78042, 2
78047, 1
78051, 2
78054, 1
78061, 1
78066, 1
78070, 1
78074, 1
78076, 2
78077, 1
78078, 1
78079, 1
78083, 2
78086, 1
78088, 1
78090, 1
78097, 1
78098, 1
78115, 1
78116, 1
78123, 1
78131, 1
78132, 1
78134, 1
78136, 3
78137, 2
78138, 1
78141, 3
78143, 1
78151, 1
78153, 2
78154, 1
78157, 1
78161, 2
78163, 1
78167, 1
78176, 1
78178, 1
78180, 1
78182, 1
78184, 2
78187, 1
78188, 2
78194, 1
78195, 1
78198, 1
78212, 1
78214, 1
78215, 1
78219, 1
78222, 1
78224, 1
78242, 1
78243, 1
78245, 1
78250, 1
78252, 1
78255, 1
78257, 1
78258, 2
78259, 1
78261, 1
78264, 1
78266, 1
78267, 1
78274, 1
78276, 1
78280, 2
78281, 2
78282, 1
78286, 1
78287, 1
78290, 2
78291, 1
78297, 1
78298, 1
78299, 2
78304, 2
78309, 1
78319, 1
78320, 1
78321, 1
78328, 2
78329, 1
78331, 1
78333, 1
78336, 1
78342, 2
78344, 1
78349, 2
78353, 1
78354, 1
78357, 1
78358, 3
78360, 1
78362, 1
78363, 2
78367, 1
78372, 1
78375, 1
78379, 1
78380, 1
78384, 1
78385, 1
78389, 2
78390, 1
78394, 1
78411, 1
78412, 1
78414, 1
78421, 1
78423, 1
78429, 1
78434, 1
78435, 2
78436, 1
78440, 2
78441, 1
78445, 1
78446, 1
78448, 1
78451, 1
78453, 1
78454, 2
78457, 1
78461, 2
78465, 2
78472, 1
78476, 1
78477, 1
78480, 1
78482, 1
78485, 2
78490, 2
78492, 1
78493, 1
78497, 2
78498, 1
78500, 1
78501, 1
78503, 1
78504, 1
78505, 1
78507, 1
78510, 2
78513, 1
78518, 1
78519, 2
78521, 1
78524, 1
78527, 1
78529, 1
78531, 1
78533, 1
78538, 2
78539, 1
78541, 3
78543, 1
78545, 1
78550, 1
78553, 2
78558, 2
78559, 1
78560, 1
78561, 1
78562, 2
78563, 1
78568, 1
78570, 1
78572, 1
78575, 2
78577, 1
78582, 2
78583, 1
78584, 2
78588, 1
78590, 1
78592, 1
78595, 2
78600, 1
78606, 1
78607, 1
78609, 1
78617, 1
78618, 1
78620, 1
78622, 1
78623, 1
78626, 1
78629, 1
78631, 1
78634, 1
78638, 1
78642, 1
78643, 1
78644, 1
78647, 1
78651, 1
78652, 1
78654, 1
78657, 1
78659, 2
78662, 1
78669, 2
78670, 2
78672, 2
78674, 1
78676, 1
78678, 1
78682, 1
78683, 1
78685, 1
78689, 1
78690, 1
78692, 1
78693, 1
78695, 1
78696, 1
78699, 2
78703, 1
78710, 2
78712, 1
78713, 1
78716, 1
78719, 1
78722, 1
78724, 1
78725, 1
78733, 1
78735, 1
78738, 2
78739, 2
78747, 1
78749, 3
78750, 1
78759, 1
78760, 1
78764, 1
78766, 1
78767, 1
78768, 1
78769, 1
78770, 1
78776, 1
78782, 1
78784, 1
78787, 1
78788, 1
78790, 1
78791, 1
78807, 1
78811, 1
78812, 1
78813, 1
78814, 1
78818, 1
78820, 1
78824, 1
78826, 2
78834, 1
78848, 1
78850, 1
78855, 3
78858, 1
78863, 1
78867, 1
78876, 3
78879, 1
78881, 1
78883, 1
78893, 1
78896, 1
78900, 1
78901, 1
78902, 1
78903, 1
78904, 2
78905, 1
78907, 1
78914, 1
78916, 1
78920, 1
78922, 2
78923, 1
78924, 1
78929, 1
78931, 1
78934, 1
78935, 1
78937, 2
78938, 1
78939, 1
78942, 1
78943, 1
78945, 1
78949, 2
78956, 1
78958, 1
78963, 1
78964, 2
78969, 1
78972, 2
78975, 1
78978, 1
78979, 2
78981, 1
78987, 2
78988, 2
78993, 1
78995, 1
79002, 1
79003, 1
79005, 1
79006, 1
79008, 1
79010, 1
79012, 1
79014, 1
79018, 1
79022, 2
79023, 2
79025, 1
79032, 1
79037, 1
79039, 1
79040, 1
79042, 1
79043, 2
79047, 1
79048, 1
79053, 1
79056, 1
79059, 1
79062, 1
79063, 1
79064, 1
79065, 1
79068, 1
79081, 2
79084, 1
79087, 2
79088, 1
79090, 1
79092, 1
79095, 1
79096, 1
79097, 1
79101, 1
79102, 1
79106, 1
79108, 1
79109, 1
79111, 1
79116, 1
79119, 2
79120, 2
79121, 1
79123, 2
79125, 1
79126, 1
79131, 2
79133, 1
79135, 1
79141, 2
79143, 1
79147, 2
79150, 2
79154, 1
79156, 1
79157, 1
79168, 1
79169, 1
79172, 1
79174, 2
79175, 3
79176, 1
79179, 1
79182, 1
79186, 3
79189, 2
79193, 1
79194, 2
79196, 1
79199, 1
79201, 1
79204, 2
79209, 2
79210, 1
79213, 1
79214, 1
79217, 1
79219, 2
79220, 1
79223, 1
79226, 1
79228, 1
79233, 1
79236, 1
79240, 1
79241, 1
79242, 1
79243, 1
79247, 1
79254, 1
79256, 1
79257, 2
79261, 1
79262, 1
79264, 1
79265, 1
79266, 1
79267, 1
79270, 1
79278, 1
79288, 3
79289, 3
79291, 2
79292, 1
79294, 1
79296, 2
79297, 2
79299, 2
79300, 1
79301, 1
79303, 1
79304, 2
79309, 3
79311, 2
79312, 3
79315, 1
79316, 1
79318, 1
79322, 1
79323, 1
79324, 1
79329, 1
79336, 2
79337, 1
79338, 2
79345, 1
79350, 1
79351, 1
79354, 1
79357, 1
79358, 2
79361, 1
79365, 1
79367, 1
79372, 2
79373, 1
79377, 1
79379, 3
79380, 3
79384, 1
79385, 1
79388, 1
79390, 3
79397, 1
79398, 1
79400, 1
79403, 1
79408, 1
79410, 2
79411, 1
79413, 1
79415, 1
79416, 3
79417, 1
79418, 2
79424, 1
79425, 1
79427, 2
79428, 1
79429, 1
79430, 1
79431, 1
79433, 1
79434, 1
79436, 1
79438, 1
79441, 1
79446, 1
79449, 2
79452, 2
79453, 1
79455, 1
79464, 1
79466, 1
79469, 1
79472, 2
79473, 1
79474, 1
79475, 1
79477, 2
79478, 1
79482, 2
79483, 2
79486, 1
79488, 1
79490, 1
79497, 2
79499, 1
79503, 1
79504, 2
79505, 1
79512, 1
79514, 1
79516, 1
79523, 1
79529, 2
79533, 1
79537, 2
79540, 1
79542, 1
79545, 3
79549, 1
79550, 2
79552, 1
79554, 1
79557, 1
79559, 1
79561, 1
79562, 2
79564, 1
79565, 2
79566, 1
79571, 1
79578, 2
79579, 2
79581, 1
79582, 1
79587, 1
79588, 1
79592, 1
79594, 1
79597, 1
79600, 1
79605, 1
79610, 1
79611, 1
79613, 1
79616, 1
79620, 1
79622, 2
79623, 1
79624, 1
79625, 1
79626, 2
79633, 1
79638, 1
79641, 1
79645, 1
79647, 1
79650, 2
79651, 1
79653, 1
79654, 1
79657, 1
79664, 1
79667, 1
79668, 1
79671, 2
79673, 1
79678, 1
79679, 1
79682, 1
79683, 1
79685, 1
79688, 2
79689, 1
79691, 1
79693, 2
79695, 1
79696, 1
79699, 1
79700, 1
79705, 1
79706, 1
79708, 1
79710, 1
79717, 1
79718, 1
79719, 1
79720, 1
79721, 1
79724, 2
79732, 3
79733, 1
79735, 1
79736, 1
79737, 1
79740, 1
79742, 1
79743, 1
79746, 1
79747, 1
79748, 2
79749, 1
79750, 1
79758, 2
79761, 1
79769, 1
79771, 2
79774, 1
79775, 1
79776, 2
79778, 2
79780, 1
79783, 1
79785, 2
79787, 2
79790, 1
79793, 2
79795, 2
79798, 1
79799, 1
79802, 1
79812, 1
79814, 1
79815, 2
79816, 1
79818, 1
79825, 1
79827, 1
79828, 1
79829, 2
79832, 2
79833, 1
79835, 2
79837, 1
79838, 1
79840, 1
79843, 1
79846, 1
79848, 1
79852, 2
79853, 1
79859, 2
79860, 2
79861, 1
79863, 1
79864, 1
79867, 2
79869, 2
79876, 1
79878, 1
79879, 1
79880, 1
79881, 1
79882, 1
79884, 1
79888, 1
79889, 1
79892, 1
79894, 1
79896, 1
79897, 2
79898, 1
79901, 1
79905, 1
79906, 1
79907, 1
79908, 1
79912, 1
79913, 1
79914, 1
79919, 1
79920, 1
79924, 1
79928, 1
79931, 1
79932, 1
79934, 1
79935, 1
79941, 1
79942, 1
79943, 1
79944, 1
79946, 1
79952, 2
79954, 1
79957, 2
79960, 1
79963, 1
79964, 2
79966, 1
79967, 1
79969, 1
79974, 1
79976, 3
79977, 1
79990, 2
79993, 1
80003, 2
80010, 2
80012, 2
80013, 1
80014, 2
80016, 2
80019, 1
80020, 1
80023, 1
80026, 1
80028, 2
80038, 1
80041, 2
80042, 1
80046, 1
80047, 3
80048, 1
80050, 2
80051, 1
80052, 1
80053, 1
80054, 1
80057, 1
80060, 1
80061, 1
80062, 2
80068, 1
80069, 1
80071, 1
80072, 1
80074, 1
80076, 1
80083, 1
80084, 1
80085, 1
80091, 1
80092, 1
80093, 1
80094, 1
80096, 1
80097, 1
80099, 2
80100, 4
80101, 1
80104, 1
80111, 2
80112, 2
80113, 1
80115, 1
80117, 2
80120, 1
80125, 1
80128, 3
80131, 1
80133, 1
80134, 1
80136, 1
80139, 2
80140, 1
80141, 1
80142, 1
80146, 1
80147, 1
80148, 1
80149, 1
80150, 1
80152, 1
80156, 1
80162, 1
80163, 2
80165, 1
80167, 1
80168, 1
80169, 2
80170, 1
80171, 1
80172, 2
80173, 2
80178, 1
80183, 1
80187, 1
80188, 1
80193, 1
80194, 1
80199, 1
80205, 1
80206, 2
80209, 1
80210, 1
80213, 1
80216, 1
80218, 1
80220, 1
80222, 1
80223, 1
80225, 1
80230, 2
80236, 1
80238, 1
80239, 1
80242, 1
80244, 1
80245, 1
80250, 1
80255, 1
80258, 1
80259, 2
80262, 1
80263, 2
80264, 1
80268, 1
80270, 1
80271, 1
80273, 1
80274, 1
80275, 1
80277, 1
80278, 1
80279, 1
80280, 1
80284, 4
80286, 2
80288, 1
80292, 2
80297, 1
80298, 3
80306, 1
80309, 1
80311, 1
80316, 1
80317, 1
80322, 1
80323, 1
80325, 1
80328, 1
80329, 1
80333, 2
80337, 1
80338, 1
80341, 1
80343, 1
80346, 1
80347, 1
80352, 2
80354, 1
80357, 1
80362, 1
80363, 2
80366, 1
80379, 1
80381, 1
80382, 1
80386, 1
80388, 2
80393, 1
80394, 1
80395, 3
80399, 2
80400, 1
80401, 2
80403, 1
80406, 1
80407, 1
80409, 1
80410, 1
80412, 1
80414, 1
80415, 1
80418, 2
80419, 1
80421, 1
80425, 2
80426, 2
80427, 1
80429, 1
80430, 1
80432, 3
80433, 1
80436, 1
80437, 1
80438, 2
80440, 2
80443, 1
80451, 1
80454, 1
80455, 2
80465, 2
80467, 2
80469, 2
80470, 1
80471, 1
80472, 1
80480, 1
80487, 1
80489, 1
80490, 1
80492, 1
80497, 1
80499, 1
80501, 1
80503, 1
80505, 2
80506, 1
80507, 1
80511, 2
80512, 3
80514, 1
80515, 1
80519, 2
80523, 1
80525, 1
80527, 3
80528, 1
80530, 1
80532, 1
80540, 2
80545, 1
80547, 1
80551, 2
80552, 1
80556, 1
80557, 1
80558, 1
80561, 1
80563, 1
80565, 2
80567, 1
80570, 1
80574, 2
80577, 2
80582, 1
80586, 1
80589, 1
80590, 2
80593, 3
80594, 2
80595, 1
80598, 1
80599, 1
80603, 1
80604, 1
80605, 2
80608, 1
80611, 1
80612, 1
80618, 2
80619, 1
80622, 1
80624, 1
80627, 1
80637, 1
80639, 2
80641, 1
80642, 1
80644, 1
80646, 1
80647, 1
80651, 1
80652, 2
80653, 1
80654, 1
80661, 3
80662, 1
80663, 1
80665, 1
80666, 1
80668, 1
80672, 1
80673, 1
80678, 1
80680, 1
80683, 2
80684, 1
80687, 1
80690, 1
80691, 2
80694, 2
80696, 1
80697, 1
80698, 1
80699, 1
80700, 1
80701, 1
80707, 1
80709, 2
80710, 1
80714, 1
80718, 1
80719, 1
80720, 2
80721, 2
80724, 2
80725, 1
80727, 2
80730, 1
80731, 2
80732, 1
80736, 1
80742, 2
80745, 1
80748, 2
80749, 1
80753, 2
80755, 2
80756, 1
80759, 1
80766, 1
80768, 1
80771, 1
80773, 1
80774, 1
80775, 1
80776, 1
80778, 1
80782, 1
80784, 2
80785, 2
80786, 1
80790, 1
80792, 1
80796, 1
80799, 1
80802, 1
80807, 1
80809, 4
80818, 1
80819, 1
80822, 1
80826, 1
80828, 2
80835, 1
80837, 1
80838, 1
80841, 1
80842, 1
80843, 1
80844, 1
80849, 1
80851, 1
80853, 1
80854, 2
80856, 1
80863, 1
80865, 1
80872, 1
80873, 2
80874, 2
80875, 2
80876, 1
80880, 2
80881, 2
80884, 1
80886, 1
80890, 2
80894, 1
80895, 1
80898, 1
80900, 1
80902, 1
80903, 1
80907, 1
80908, 1
80913, 2
80915, 1
80916, 1
80917, 1
80918, 2
80919, 1
80922, 1
80923, 1
80924, 1
80925, 1
80927, 1
80930, 1
80931, 1
80933, 1
80935, 2
80940, 1
80944, 2
80952, 1
80954, 1
80957, 2
80960, 1
80963, 2
80964, 1
80969, 2
80983, 1
80985, 1
80986, 1
80987, 1
80988, 1
80991, 1
80994, 1
80999, 2
81001, 1
81005, 1
81007, 1
81008, 1
81009, 1
81012, 1
81015, 1
81017, 2
81018, 2
81020, 3
81022, 2
81024, 1
81026, 1
81028, 1
81029, 2
81030, 1
81032, 1
81034, 1
81035, 3
81036, 1
81037, 1
81042, 1
81048, 1
81051, 1
81053, 2
81059, 1
81061, 2
81062, 2
81064, 1
81068, 1
81069, 2
81070, 1
81074, 2
81075, 6
81077, 1
81078, 1
81079, 1
81089, 2
81090, 1
81091, 1
81093, 1
81096, 1
81097, 1
81098, 3
81103, 2
81106, 1
81108, 1
81113, 2
81114, 1
81117, 2
81119, 1
81123, 1
81128, 1
81129, 1
81130, 1
81131, 1
81134, 2
81135, 1
81137, 1
81141, 1
81144, 1
81145, 1
81146, 1
81147, 1
81153, 2
81155, 1
81156, 1
81158, 1
81159, 2
81163, 1
81166, 1
81171, 1
81172, 1
81174, 1
81176, 1
81177, 1
81179, 2
81182, 2
81185, 2
81186, 2
81192, 1
81194, 1
81196, 2
81197, 1
81201, 3
81204, 1
81205, 1
81209, 1
81215, 1
81216, 1
81217, 1
81222, 1
81225, 1
81226, 1
81228, 1
81229, 2
81230, 1
81238, 2
81242, 1
81244, 1
81247, 1
81254, 2
81256, 1
81258, 1
81263, 1
81265, 1
81268, 1
81271, 1
81274, 1
81275, 1
81276, 1
81278, 1
81279, 1
81282, 1
81283, 1
81286, 1
81291, 1
81296, 1
81298, 2
81299, 1
81306, 1
81307, 2
81308, 1
81309, 1
81310, 1
81311, 1
81313, 1
81314, 1
81315, 2
81316, 1
81319, 1
81320, 1
81322, 1
81325, 1
81326, 1
81327, 2
81329, 1
81337, 1
81340, 2
81341, 1
81342, 1
81344, 1
81351, 1
81353, 2
81355, 2
81356, 1
81357, 2
81360, 1
81363, 1
81364, 2
81366, 1
81368, 2
81369, 1
81370, 1
81371, 2
81374, 1
81376, 1
81377, 1
81380, 1
81381, 1
81384, 2
81385, 1
81386, 1
81387, 1
81388, 1
81391, 1
81394, 2
81395, 2
81397, 1
81401, 1
81403, 1
81408, 1
81410, 1
81412, 1
81413, 1
81420, 2
81422, 1
81423, 2
81424, 1
81426, 1
81428, 2
81430, 3
81432, 1
81434, 1
81435, 1
81437, 1
81438, 1
81439, 1
81443, 1
81446, 1
81452, 1
81455, 1
81456, 1
81457, 2
81459, 1
81462, 1
81463, 2
81467, 1
81471, 3
81472, 1
81473, 1
81474, 1
81475, 2
81476, 1
81477, 3
81479, 1
81481, 1
81482, 1
81483, 2
81485, 1
81488, 1
81492, 1
81493, 1
81495, 1
81498, 1
81499, 2
81500, 1
81501, 1
81502, 2
81505, 2
81506, 1
81514, 1
81515, 1
81517, 2
81519, 1
81521, 2
81522, 2
81526, 1
81528, 1
81529, 1
81530, 2
81531, 1
81533, 2
81534, 1
81536, 3
81538, 1
81540, 1
81541, 1
81542, 3
81543, 1
81544, 1
81545, 1
81548, 1
81551, 2
81552, 1
81555, 1
81557, 1
81558, 1
81559, 2
81561, 1
81562, 2
81565, 1
81572, 1
81577, 1
81579, 1
81580, 1
81582, 2
81583, 1
81585, 1
81587, 2
81593, 1
81595, 2
81597, 2
81601, 1
81602, 1
81606, 3
81609, 1
81614, 1
81615, 2
81618, 1
81620, 1
81621, 2
81622, 1
81624, 1
81625, 1
81626, 2
81627, 2
81630, 2
81631, 2
81633, 1
81634, 1
81635, 1
81638, 1
81639, 1
81646, 1
81647, 1
81648, 2
81653, 2
81655, 1
81660, 1
81661, 1
81662, 1
81663, 2
81666, 1
81667, 1
81668, 2
81670, 1
81671, 1
81673, 1
81675, 1
81676, 1
81679, 2
81680, 1
81681, 2
81682, 2
81683, 1
81685, 1
81692, 2
81693, 1
81696, 1
81697, 1
81698, 1
81699, 1
81701, 1
81702, 2
81703, 1
81705, 1
81707, 3
81708, 2
81710, 1
81712, 2
81717, 1
81721, 1
81726, 2
81727, 1
81728, 1
81729, 1
81732, 1
81733, 1
81739, 1
81740, 2
81742, 2
81744, 1
81745, 2
81749, 2
81750, 1
81752, 1
81754, 1
81757, 3
81758, 1
81759, 2
81760, 1
81766, 1
81773, 1
81774, 1
81775, 1
81777, 1
81781, 1
81782, 3
81783, 2
81784, 1
81785, 2
81786, 2
81788, 1
81790, 1
81791, 1
81793, 1
81796, 1
81801, 2
81803, 1
81805, 1
81808, 1
81812, 1
81817, 1
81819, 1
81822, 1
81823, 1
81824, 1
81825, 1
81829, 1
81832, 1
81833, 1
81838, 1
81840, 1
81844, 2
81851, 1
81856, 1
81860, 1
81862, 1
81864, 1
81869, 1
81870, 1
81875, 1
81879, 1
81883, 2
81884, 1
81885, 2
81886, 1
81887, 1
81888, 1
81889, 1
81891, 1
81893, 2
81896, 1
81902, 1
81904, 1
81905, 1
81906, 1
81907, 1
81908, 1
81909, 1
81910, 2
81912, 2
81913, 3
81915, 1
81917, 1
81918, 1
81919, 1
81923, 1
81927, 2
81928, 1
81929, 1
81931, 1
81934, 2
81935, 2
81936, 2
81937, 1
81940, 1
81946, 2
81948, 1
81949, 3
81950, 1
81953, 1
81959, 1
81963, 1
81965, 1
81967, 2
81973, 2
81977, 1
81978, 1
81981, 1
81983, 1
81984, 1
81985, 1
81986, 1
81989, 2
81990, 1
81991, 1
81992, 1
81994, 1
81997, 1
81998, 1
82001, 1
82006, 2
82007, 1
82009, 1
82011, 1
82012, 1
82015, 1
82016, 1
82017, 3
82018, 1
82019, 2
82021, 2
82026, 1
82028, 1
82030, 1
82031, 1
82033, 1
82035, 2
82036, 2
82037, 1
82039, 1
82041, 3
82042, 2
82045, 1
82046, 1
82052, 2
82054, 2
82056, 2
82059, 1
82060, 1
82061, 2
82062, 1
82063, 1
82065, 1
82068, 1
82070, 1
82071, 1
82073, 1
82075, 2
82076, 2
82077, 2
82080, 1
82081, 2
82082, 1
82083, 1
82084, 1
82085, 1
82087, 2
82089, 2
82091, 1
82094, 1
82101, 1
82102, 1
82104, 1
82108, 1
82110, 3
82111, 1
82112, 2
82115, 1
82118, 1
82119, 1
82122, 1
82123, 1
82129, 1
82132, 1
82133, 1
82135, 1
82138, 2
82140, 1
82141, 2
82142, 1
82145, 1
82146, 1
82149, 1
82154, 1
82155, 1
82157, 1
82158, 1
82161, 1
82163, 1
82164, 1
82170, 1
82173, 1
82176, 1
82179, 2
82180, 1
82182, 1
82183, 1
82184, 1
82186, 3
82188, 1
82189, 1
82191, 1
82192, 1
82193, 1
82196, 1
82200, 1
82205, 1
82212, 1
82213, 1
82214, 2
82215, 1
82216, 1
82217, 2
82218, 1
82220, 2
82221, 2
82227, 1
82228, 1
82229, 1
82233, 2
82234, 1
82236, 1
82238, 1
82245, 1
82246, 1
82248, 1
82249, 2
82250, 1
82251, 2
82252, 1
82254, 1
82258, 1
82261, 2
82262, 1
82267, 1
82268, 1
82270, 2
82274, 2
82275, 1
82279, 1
82286, 1
82295, 1
82306, 1
82309, 1
82310, 1
82315, 1
82319, 1
82321, 1
82322, 1
82324, 1
82325, 1
82330, 1
82334, 1
82340, 1
82341, 3
82342, 1
82343, 1
82344, 1
82349, 1
82351, 1
82353, 1
82355, 2
82360, 1
82362, 1
82363, 3
82364, 1
82366, 1
82367, 2
82368, 1
82373, 1
82377, 1
82383, 1
82387, 1
82389, 1
82390, 1
82391, 1
82392, 1
82393, 1
82394, 1
82395, 1
82397, 2
82399, 1
82401, 2
82405, 1
82407, 2
82408, 1
82409, 2
82411, 1
82414, 1
82415, 1
82416, 1
82417, 1
82419, 1
82426, 1
82427, 1
82429, 1
82432, 1
82434, 1
82442, 1
82446, 2
82447, 1
82448, 3
82450, 2
82451, 2
82452, 1
82453, 1
82454, 1
82455, 2
82458, 1
82460, 1
82462, 1
82463, 1
82469, 1
82472, 1
82473, 1
82476, 1
82481, 1
82485, 2
82487, 2
82488, 1
82489, 1
82490, 1
82492, 1
82499, 1
82502, 2
82504, 2
82505, 1
82506, 1
82512, 1
82515, 1
82516, 1
82517, 2
82518, 2
82519, 2
82521, 1
82523, 1
82526, 1
82531, 1
82532, 1
82535, 1
82537, 1
82540, 1
82541, 2
82542, 1
82543, 1
82545, 1
82551, 1
82552, 1
82554, 1
82556, 3
82561, 1
82563, 1
82565, 1
82566, 2
82567, 1
82568, 1
82569, 1
82571, 1
82572, 4
82574, 1
82587, 2
82588, 2
82591, 1
82595, 1
82598, 1
82600, 2
82602, 1
82604, 1
82607, 2
82612, 1
82613, 1
82621, 1
82628, 1
82629, 1
82630, 1
82631, 1
82632, 1
82633, 1
82634, 1
82636, 1
82643, 1
82645, 1
82648, 1
82650, 1
82652, 1
82653, 1
82655, 1
82656, 1
82665, 3
82666, 1
82670, 1
82674, 1
82675, 2
82676, 2
82680, 2
82681, 1
82682, 1
82683, 2
82685, 1
82688, 1
82691, 1
82694, 1
82695, 2
82696, 1
82699, 1
82701, 2
82702, 1
82705, 1
82706, 1
82707, 1
82708, 1
82709, 2
82712, 1
82714, 1
82719, 2
82722, 1
82723, 1
82725, 2
82729, 1
82730, 1
82734, 2
82736, 2
82738, 1
82740, 3
82742, 1
82744, 1
82745, 1
82746, 1
82748, 1
82752, 1
82753, 1
82755, 1
82766, 2
82769, 1
82773, 2
82774, 1
82778, 1
82785, 1
82788, 1
82791, 1
82794, 2
82796, 1
82797, 1
82798, 2
82801, 1
82806, 1
82811, 1
82813, 4
82815, 2
82816, 1
82821, 1
82822, 1
82824, 1
82831, 1
82833, 1
82836, 1
82843, 1
82847, 2
82849, 1
82851, 1
82852, 1
82853, 2
82854, 1
82857, 1
82859, 1
82863, 2
82871, 1
82873, 1
82875, 1
82877, 2
82879, 1
82880, 2
82881, 2
82883, 2
82885, 1
82887, 1
82888, 1
82889, 1
82893, 1
82895, 1
82899, 2
82903, 1
82904, 1
82908, 2
82909, 1
82910, 1
82911, 1
82920, 1
82927, 2
82928, 1
82931, 1
82933, 1
82935, 2
82937, 1
82938, 1
82941, 1
82943, 1
82947, 1
82948, 2
82953, 1
82954, 1
82959, 1
82960, 1
82962, 1
82969, 2
82971, 2
82974, 1
82977, 1
82978, 1
82980, 1
82981, 2
82983, 1
82985, 1
82986, 3
82993, 1
82999, 1
83000, 1
83004, 1
83007, 1
83013, 1
83014, 1
83015, 1
83018, 1
83020, 2
83021, 1
83023, 1
83025, 1
83026, 1
83027, 1
83028, 2
83030, 1
83031, 1
83033, 1
83034, 1
83036, 1
83039, 2
83041, 1
83048, 2
83053, 1
83055, 2
83058, 2
83059, 1
83061, 1
83062, 1
83064, 2
83065, 1
83067, 2
83068, 2
83069, 1
83070, 2
83071, 1
83074, 2
83076, 1
83077, 1
83082, 1
83083, 2
83086, 1
83089, 1
83090, 1
83095, 1
83099, 1
83102, 1
83104, 1
83105, 1
83106, 1
83108, 1
83110, 1
83111, 1
83113, 1
83114, 1
83120, 1
83121, 1
83122, 1
83123, 2
83125, 1
83128, 1
83129, 1
83131, 2
83135, 1
83136, 1
83138, 1
83143, 1
83147, 1
83151, 1
83152, 1
83155, 1
83156, 1
83160, 1
83161, 1
83162, 1
83163, 1
83165, 1
83169, 1
83172, 1
83174, 1
83176, 1
83177, 1
83179, 1
83180, 2
83184, 1
83186, 1
83188, 1
83189, 1
83193, 3
83196, 1
83197, 1
83201, 1
83202, 1
83204, 2
83211, 1
83212, 2
83214, 1
83216, 1
83217, 2
83219, 1
83222, 2
83223, 1
83224, 1
83225, 2
83233, 1
83234, 1
83239, 1
83241, 2
83246, 1
83247, 2
83250, 2
83251, 1
83252, 1
83253, 1
83254, 1
83257, 1
83258, 1
83259, 1
83263, 3
83266, 1
83267, 2
83270, 2
83271, 1
83273, 1
83274, 1
83276, 1
83279, 1
83280, 2
83282, 1
83283, 1
83293, 1
83295, 1
83296, 2
83298, 1
83299, 2
83305, 2
83308, 4
83310, 1
83312, 1
83313, 2
83314, 1
83317, 1
83318, 2
83320, 1
83322, 1
83324, 1
83325, 1
83326, 2
83327, 1
83333, 1
83334, 1
83338, 1
83339, 1
83343, 1
83346, 1
83347, 1
83348, 2
83351, 1
83353, 3
83357, 1
83358, 1
83359, 1
83360, 2
83361, 1
83362, 1
83363, 1
83368, 1
83370, 4
83373, 2
83374, 1
83377, 1
83379, 2
83380, 2
83382, 1
83385, 1
83387, 1
83389, 1
83391, 1
83393, 1
83396, 1
83397, 1
83400, 1
83402, 3
83403, 3
83405, 3
83406, 2
83407, 1
83410, 2
83412, 1
83414, 1
83415, 1
83416, 1
83419, 1
83425, 1
83426, 2
83428, 1
83429, 2
83432, 2
83434, 1
83436, 1
83437, 1
83442, 2
83443, 3
83452, 1
83455, 3
83461, 1
83463, 1
83464, 3
83467, 2
83474, 1
83475, 2
83480, 1
83481, 2
83483, 1
83485, 1
83489, 1
83490, 1
83491, 1
83495, 1
83496, 1
83498, 1
83499, 1
83505, 1
83509, 1
83510, 1
83513, 2
83514, 1
83523, 1
83526, 1
83532, 1
83535, 2
83536, 2
83538, 1
83541, 1
83547, 1
83548, 1
83551, 1
83552, 1
83553, 1
83554, 1
83556, 1
83557, 1
83560, 1
83563, 1
83567, 1
83568, 2
83569, 1
83571, 1
83572, 3
83575, 1
83576, 1
83577, 1
83581, 1
83582, 2
83585, 1
83588, 2
83589, 2
83592, 2
83593, 1
83594, 2
83596, 1
83599, 1
83601, 2
83602, 2
83603, 1
83604, 1
83606, 1
83609, 1
83611, 2
83612, 1
83613, 1
83615, 1
83618, 1
83624, 1
83625, 2
83627, 1
83628, 1
83630, 1
83632, 3
83634, 2
83637, 2
83638, 1
83641, 1
83643, 1
83645, 1
83646, 1
83649, 2
83657, 1
83658, 2
83662, 1
83663, 1
83669, 1
83672, 1
83675, 1
83676, 3
83679, 1
83681, 1
83684, 1
83685, 1
83686, 1
83688, 1
83690, 1
83691, 3
83692, 1
83698, 3
83701, 1
83702, 3
83704, 1
83705, 1
83706, 1
83710, 2
83715, 2
83726, 1
83728, 1
83729, 1
83730, 1
83735, 1
83741, 1
83742, 2
83745, 2
83748, 2
83753, 1
83754, 1
83759, 1
83763, 1
83764, 1
83765, 1
83766, 2
83767, 1
83769, 1
83771, 1
83772, 1
83773, 1
83778, 1
83780, 1
83782, 1
83784, 1
83787, 1
83794, 1
83795, 1
83796, 2
83801, 1
83804, 2
83807, 1
83809, 1
83810, 2
83813, 2
83815, 2
83817, 1
83818, 2
83827, 1
83829, 1
83832, 1
83833, 1
83834, 1
83836, 1
83838, 1
83840, 1
83843, 1
83844, 1
83849, 1
83851, 2
83853, 1
83857, 1
83861, 2
83862, 2
83865, 1
83866, 1
83869, 1
83872, 2
83874, 1
83879, 1
83882, 1
83883, 2
83885, 1
83886, 1
83892, 1
83893, 1
83894, 1
83898, 2
83900, 1
83902, 2
83903, 1
83907, 1
83909, 1
83910, 2
83912, 1
83914, 1
83915, 1
83922, 1
83925, 1
83928, 1
83930, 1
83932, 1
83933, 1
83938, 1
83943, 1
83944, 1
83946, 1
83948, 2
83951, 1
83952, 1
83953, 2
83955, 2
83957, 1
83959, 1
83961, 2
83963, 1
83965, 1
83969, 1
83973, 2
83974, 1
83976, 1
83977, 2
83982, 1
83983, 2
83987, 1
83988, 1
83990, 1
83991, 1
83993, 1
83994, 1
83995, 2
84001, 1
84006, 1
84008, 1
84010, 1
84011, 1
84012, 1
84014, 1
84015, 1
84016, 1
84018, 1
84019, 1
84023, 1
84024, 1
84025, 2
84027, 1
84035, 2
84036, 1
84037, 1
84040, 1
84043, 1
84044, 1
84045, 1
84046, 1
84048, 2
84049, 3
84053, 1
84056, 3
84057, 1
84062, 2
84063, 1
84064, 1
84069, 1
84071, 3
84074, 1
84075, 1
84076, 1
84077, 1
84078, 1
84080, 2
84086, 3
84088, 1
84089, 1
84092, 1
84093, 1
84099, 2
84101, 3
84104, 1
84110, 3
84112, 2
84113, 1
84114, 3
84115, 2
84116, 2
84119, 1
84120, 1
84122, 1
84123, 1
84124, 2
84130, 1
84132, 1
84133, 1
84135, 1
84138, 1
84145, 1
84146, 1
84147, 1
84149, 1
84151, 1
84156, 1
84157, 1
84160, 1
84162, 1
84163, 1
84166, 1
84167, 1
84169, 2
84172, 2
84174, 1
84179, 1
84181, 1
84183, 1
84184, 1
84190, 2
84191, 1
84196, 1
84199, 1
84201, 1
84203, 1
84204, 1
84207, 2
84211, 1
84212, 1
84213, 2
84217, 1
84218, 3
84219, 1
84220, 1
84221, 1
84229, 2
84232, 1
84233, 1
84236, 1
84237, 1
84238, 3
84239, 1
84244, 1
84245, 2
84247, 2
84252, 1
84256, 2
84259, 1
84260, 1
84263, 1
84265, 1
84270, 2
84271, 1
84272, 2
84273, 4
84274, 3
84277, 1
84280, 2
84284, 2
84286, 2
84292, 1
84293, 2
84294, 1
84299, 1
84303, 1
84306, 1
84307, 1
84311, 1
84313, 2
84314, 1
84316, 1
84317, 1
84321, 2
84322, 1
84326, 1
84327, 2
84331, 1
84335, 1
84336, 1
84337, 1
84340, 3
84342, 1
84344, 1
84346, 2
84349, 1
84350, 1
84351, 1
84357, 2
84359, 1
84360, 1
84366, 1
84367, 1
84368, 1
84370, 1
84378, 1
84379, 1
84383, 1
84386, 1
84388, 1
84391, 1
84394, 2
84398, 2
84399, 1
84405, 1
84407, 1
84408, 1
84410, 1
84411, 1
84412, 2
84413, 2
84414, 1
84416, 2
84420, 2
84421, 1
84423, 1
84424, 1
84426, 1
84431, 1
84436, 2
84437, 2
84439, 1
84441, 1
84442, 2
84443, 1
84444, 1
84445, 2
84446, 1
84448, 1
84449, 1
84451, 1
84455, 2
84456, 2
84457, 2
84458, 1
84459, 1
84460, 1
84461, 1
84467, 1
84469, 1
84474, 1
84475, 1
84477, 1
84478, 1
84480, 1
84484, 1
84485, 1
84486, 2
84490, 1
84491, 1
84493, 1
84494, 1
84499, 1
84501, 1
84503, 1
84508, 1
84509, 1
84511, 1
84513, 1
84514, 2
84516, 1
84518, 1
84524, 1
84525, 1
84526, 3
84528, 3
84529, 1
84532, 1
84533, 4
84534, 1
84535, 1
84538, 1
84540, 1
84541, 1
84542, 1
84547, 1
84551, 1
84553, 1
84554, 1
84563, 2
84564, 1
84567, 1
84569, 1
84576, 1
84578, 2
84580, 1
84582, 1
84583, 2
84584, 1
84589, 1
84593, 1
84596, 1
84597, 2
84599, 2
84600, 1
84602, 1
84603, 2
84608, 1
84609, 1
84610, 1
84614, 3
84615, 1
84616, 1
84618, 1
84621, 1
84623, 1
84628, 1
84632, 1
84636, 1
84638, 1
84640, 1
84642, 2
84643, 1
84645, 1
84646, 2
84651, 1
84655, 2
84656, 1
84657, 1
84658, 2
84663, 1
84665, 2
84666, 1
84673, 2
84674, 1
84675, 2
84678, 1
84679, 1
84682, 3
84683, 1
84684, 1
84692, 1
84693, 1
84698, 2
84701, 1
84704, 1
84705, 2
84706, 2
84709, 2
84712, 1
84713, 1
84715, 1
84717, 2
84718, 2
84725, 1
84730, 1
84731, 1
84733, 1
84734, 1
84736, 2
84742, 1
84743, 1
84744, 1
84745, 2
84748, 1
84749, 2
84750, 1
84754, 2
84755, 1
84756, 1
84757, 1
84760, 1
84763, 1
84767, 1
84768, 1
84770, 3
84773, 1
84778, 1
84782, 1
84784, 1
84786, 1
84789, 1
84791, 1
84793, 1
84794, 1
84798, 1
84799, 2
84800, 1
84807, 1
84811, 1
84812, 2
84813, 1
84814, 1
84816, 1
84818, 1
84819, 2
84822, 1
84823, 1
84828, 1
84829, 1
84832, 1
84835, 1
84836, 2
84844, 2
84846, 1
84848, 1
84849, 1
84852, 2
84853, 2
84858, 1
84859, 1
84863, 1
84864, 1
84866, 1
84867, 1
84869, 2
84873, 1
84875, 1
84881, 1
84882, 2
84884, 1
84887, 1
84888, 1
84889, 1
84891, 1
84892, 1
84893, 1
84895, 1
84896, 1
84900, 1
84905, 4
84906, 1
84908, 1
84909, 2
84912, 1
84914, 2
84918, 1
84920, 2
84922, 2
84924, 1
84925, 1
84927, 2
84937, 1
84938, 2
84939, 1
84941, 1
84945, 1
84947, 1
84948, 1
84949, 1
84953, 1
84954, 1
84959, 1
84960, 3
84961, 2
84964, 1
84967, 1
84972, 1
84974, 1
84977, 3
84979, 3
84981, 1
84982, 1
84985, 1
84986, 2
84988, 1
84993, 3
84994, 1
84995, 1
84998, 1
84999, 2
85001, 1
85003, 1
85004, 1
85005, 1
85006, 2
85007, 1
85009, 1
85010, 2
85011, 1
85013, 1
85015, 1
85016, 2
85017, 1
85020, 2
85022, 1
85026, 1
85029, 3
85031, 1
85035, 1
85037, 1
85039, 1
85040, 1
85042, 2
85043, 2
85051, 2
85053, 1
85054, 1
85057, 1
85061, 1
85062, 1
85063, 3
85064, 2
85065, 1
85066, 1
85069, 1
85070, 1
85073, 2
85077, 1
85079, 1
85081, 1
85083, 1
85086, 1
85088, 1
85089, 1
85091, 1
85092, 1
85093, 2
85094, 2
85096, 1
85099, 3
85101, 1
85108, 1
85112, 2
85113, 1
85115, 1
85122, 1
85124, 1
85126, 1
85131, 1
85132, 1
85133, 1
85135, 2
85136, 1
85142, 1
85144, 1
85146, 1
85149, 2
85150, 1
85152, 2
85153, 1
85154, 1
85156, 1
85158, 1
85159, 1
85160, 1
85162, 1
85163, 1
85166, 1
85167, 1
85171, 1
85172, 1
85173, 1
85174, 1
85180, 1
85182, 2
85183, 2
85186, 1
85188, 1
85191, 1
85192, 2
85196, 1
85197, 1
85198, 1
85200, 1
85202, 1
85203, 1
85204, 3
85208, 1
85210, 1
85214, 1
85215, 2
85217, 2
85218, 1
85220, 1
85222, 2
85224, 1
85225, 1
85226, 1
85229, 1
85230, 1
85233, 1
85237, 2
85239, 3
85241, 1
85246, 1
85247, 1
85248, 3
85251, 1
85252, 1
85254, 1
85255, 1
85257, 2
85259, 1
85261, 2
85262, 1
85263, 1
85264, 2
85267, 2
85270, 3
85278, 2
85279, 1
85280, 1
85283, 1
85284, 1
85286, 1
85288, 1
85294, 1
85301, 1
85304, 2
85306, 1
85307, 1
85311, 1
85312, 1
85318, 1
85319, 1
85322, 1
85324, 1
85325, 3
85328, 1
85329, 1
85330, 1
85333, 1
85337, 2
85338, 1
85339, 1
85340, 1
85342, 1
85345, 1
85349, 1
85350, 1
85352, 1
85355, 2
85357, 1
85358, 1
85359, 1
85362, 1
85364, 1
85367, 2
85368, 2
85370, 1
85372, 2
85374, 1
85376, 1
85378, 1
85380, 1
85390, 1
85394, 1
85395, 1
85396, 1
85397, 1
85398, 1
85400, 1
85401, 1
85403, 1
85407, 1
85410, 1
85411, 2
85413, 1
85416, 1
85419, 1
85421, 1
85422, 1
85423, 2
85425, 1
85426, 1
85433, 1
85434, 2
85440, 1
85441, 1
85443, 1
85444, 2
85446, 1
85447, 1
85448, 1
85452, 1
85454, 1
85458, 1
85459, 1
85466, 1
85471, 1
85474, 2
85475, 1
85480, 1
85485, 2
85486, 1
85488, 2
85490, 1
85491, 1
85493, 2
85494, 1
85501, 2
85502, 2
85503, 1
85504, 1
85505, 1
85510, 1
85511, 1
85512, 1
85519, 1
85520, 1
85523, 2
85525, 1
85526, 1
85528, 1
85530, 1
85531, 1
85542, 2
85544, 2
85545, 1
85548, 1
85552, 1
85553, 1
85554, 1
85559, 2
85560, 1
85562, 1
85563, 1
85565, 1
85566, 2
85567, 1
85568, 1
85569, 1
85571, 1
85574, 1
85578, 1
85579, 1
85581, 1
85582, 1
85584, 2
85585, 2
85586, 1
85592, 1
85594, 1
85601, 1
85604, 2
85611, 2
85612, 2
85613, 2
85617, 1
85620, 1
85630, 1
85632, 1
85634, 1
85637, 1
85638, 1
85639, 2
85640, 1
85641, 2
85642, 1
85646, 1
85647, 2
85650, 1
85651, 1
85652, 1
85653, 1
85661, 1
85664, 1
85665, 1
85668, 1
85671, 1
85672, 1
85674, 1
85676, 2
85679, 1
85683, 2
85685, 1
85686, 1
85689, 2
85690, 1
85691, 1
85692, 1
85696, 1
85697, 1
85699, 2
85700, 1
85702, 1
85706, 1
85708, 1
85709, 1
85710, 1
85711, 1
85712, 1
85713, 1
85715, 1
85717, 1
85718, 2
85719, 1
85722, 2
85728, 1
85729, 2
85730, 2
85731, 1
85732, 1
85734, 1
85737, 1
85741, 1
85742, 2
85743, 1
85744, 2
85748, 1
85749, 2
85751, 1
85752, 1
85756, 1
85766, 1
85767, 1
85770, 1
85776, 2
85779, 1
85780, 1
85781, 1
85783, 1
85785, 1
85786, 1
85788, 1
85791, 1
85793, 2
85797, 2
85799, 1
85803, 1
85805, 1
85807, 1
85810, 1
85812, 1
85815, 2
85816, 2
85819, 1
85822, 1
85827, 2
85828, 1
85831, 1
85833, 1
85834, 2
85835, 1
85838, 1
85847, 1
85852, 1
85854, 2
85857, 1
85861, 4
85862, 1
85868, 1
85869, 1
85871, 2
85875, 1
85876, 1
85879, 1
85881, 1
85883, 1
85884, 1
85887, 1
85889, 2
85892, 1
85893, 1
85900, 1
85901, 1
85905, 1
85907, 1
85910, 1
85914, 1
85915, 1
85916, 1
85918, 1
85919, 1
85920, 1
85922, 1
85923, 1
85924, 1
85926, 1
85927, 1
85928, 2
85931, 2
85932, 1
85943, 1
85944, 1
85946, 1
85956, 1
85957, 1
85959, 1
85962, 2
85963, 2
85965, 1
85966, 1
85970, 1
85972, 2
85975, 2
85978, 1
85980, 1
85981, 1
85983, 2
85984, 1
85985, 2
85988, 2
85990, 2
85992, 2
85994, 1
85995, 1
85999, 1
86000, 1
86002, 1
86005, 1
86015, 1
86017, 1
86019, 3
86021, 1
86023, 1
86024, 2
86025, 1
86027, 1
86028, 1
86030, 1
86031, 1
86032, 1
86035, 1
86039, 1
86042, 1
86044, 1
86047, 2
86048, 1
86049, 1
86051, 3
86053, 1
86057, 3
86061, 1
86068, 1
86072, 2
86073, 2
86075, 1
86080, 1
86085, 2
86086, 2
86091, 1
86093, 1
86095, 1
86098, 2
86105, 3
86108, 2
86113, 1
86116, 2
86120, 2
86121, 2
86122, 1
86129, 1
86132, 2
86133, 3
86135, 2
86137, 1
86138, 2
86141, 1
86142, 1
86148, 1
86150, 1
86152, 1
86154, 1
86155, 1
86158, 1
86160, 1
86162, 1
86163, 1
86165, 1
86168, 1
86172, 1
86179, 3
86185, 1
86191, 1
86195, 1
86198, 1
86202, 1
86204, 2
86205, 2
86207, 1
86208, 1
86210, 1
86215, 1
86216, 1
86220, 2
86222, 1
86224, 1
86228, 1
86241, 2
86246, 1
86248, 1
86250, 1
86251, 1
86252, 1
86255, 1
86256, 1
86257, 1
86258, 1
86260, 1
86263, 1
86264, 1
86270, 1
86271, 1
86278, 2
86280, 1
86282, 1
86284, 1
86285, 1
86287, 1
86292, 1
86293, 1
86297, 1
86299, 1
86300, 1
86307, 1
86309, 1
86312, 2
86313, 1
86316, 1
86318, 1
86319, 1
86320, 2
86322, 1
86324, 1
86325, 2
86326, 1
86333, 2
86336, 1
86340, 1
86342, 1
86343, 3
86345, 1
86346, 1
86347, 1
86348, 2
86349, 1
86350, 1
86351, 1
86352, 2
86355, 1
86356, 1
86359, 1
86363, 2
86366, 1
86369, 1
86377, 1
86379, 1
86382, 1
86383, 2
86385, 2
86388, 1
86389, 1
86391, 1
86394, 2
86395, 1
86398, 2
86400, 2
86401, 2
86402, 1
86404, 1
86405, 2
86406, 1
86411, 1
86412, 1
86413, 1
86419, 2
86420, 2
86424, 1
86426, 1
86432, 1
86437, 1
86440, 1
86442, 1
86445, 1
86449, 1
86452, 1
86454, 1
86455, 1
86456, 2
86458, 1
86459, 1
86461, 1
86464, 1
86465, 1
86468, 1
86469, 1
86470, 2
86471, 2
86475, 1
86479, 2
86480, 1
86481, 2
86482, 1
86488, 1
86491, 1
86493, 1
86496, 1
86498, 1
86500, 1
86501, 1
86505, 1
86509, 1
86515, 1
86521, 2
86522, 1
86524, 1
86528, 1
86529, 1
86531, 1
86535, 1
86539, 1
86540, 1
86541, 2
86543, 2
86548, 1
86551, 1
86554, 1
86556, 1
86558, 2
86566, 1
86569, 1
86571, 1
86572, 3
86580, 1
86583, 1
86585, 1
86586, 1
86587, 1
86588, 1
86589, 2
86592, 1
86594, 2
86597, 1
86599, 1
86601, 1
86602, 1
86606, 3
86608, 1
86609, 1
86610, 1
86611, 1
86612, 1
86615, 1
86621, 1
86622, 1
86623, 1
86624, 1
86626, 1
86632, 1
86638, 4
86639, 1
86640, 1
86641, 1
86644, 1
86645, 2
86646, 2
86647, 2
86648, 1
86651, 1
86652, 1
86655, 1
86661, 1
86663, 1
86664, 1
86666, 1
86669, 1
86679, 1
86680, 1
86682, 1
86688, 1
86690, 1
86692, 1
86693, 2
86695, 1
86700, 1
86701, 1
86705, 2
86706, 1
86707, 1
86708, 2
86714, 1
86715, 1
86716, 1
86717, 1
86719, 2
86722, 1
86723, 1
86724, 3
86726, 1
86728, 1
86729, 2
86731, 1
86733, 1
86737, 1
86738, 1
86739, 1
86742, 1
86744, 1
86747, 1
86750, 1
86753, 1
86755, 2
86756, 2
86766, 1
86767, 1
86768, 1
86774, 1
86775, 1
86777, 2
86781, 1
86787, 1
86788, 1
86791, 1
86793, 1
86794, 1
86795, 1
86796, 1
86798, 1
86799, 1
86800, 2
86802, 3
86810, 1
86812, 1
86814, 1
86818, 1
86819, 2
86824, 1
86828, 2
86829, 1
86833, 1
86835, 1
86838, 1
86841, 2
86847, 1
86848, 1
86849, 1
86855, 1
86859, 2
86860, 1
86865, 1
86867, 1
86871, 1
86878, 1
86882, 1
86883, 1
86886, 1
86887, 1
86890, 1
86893, 1
86894, 1
86895, 1
86896, 2
86900, 1
86902, 2
86904, 1
86905, 2
86906, 1
86914, 1
86915, 1
86918, 1
86921, 2
86922, 1
86925, 1
86927, 2
86928, 1
86931, 2
86933, 2
86935, 1
86940, 1
86941, 1
86944, 1
86945, 2
86947, 2
86953, 1
86955, 1
86957, 2
86962, 3
86963, 5
86965, 1
86966, 1
86967, 1
86972, 2
86973, 1
86977, 1
86978, 1
86983, 3
86984, 1
86987, 1
86990, 2
86991, 1
86995, 1
86996, 1
86998, 1
86999, 2
87000, 1
87008, 1
87011, 1
87015, 4
87017, 1
87019, 1
87022, 1
87023, 1
87027, 1
87028, 1
87031, 1
87033, 1
87036, 1
87037, 1
87043, 1
87044, 1
87046, 1
87047, 1
87049, 1
87050, 2
87059, 2
87062, 1
87069, 2
87071, 1
87074, 1
87075, 1
87077, 1
87080, 3
87081, 1
87083, 1
87092, 1
87094, 1
87098, 1
87101, 1
87104, 1
87105, 1
87107, 1
87110, 1
87111, 1
87115, 1
87116, 1
87119, 1
87124, 1
87130, 1
87134, 2
87135, 1
87140, 1
87145, 1
87151, 1
87156, 3
87159, 1
87162, 1
87166, 1
87168, 1
87171, 1
87174, 1
87176, 1
87177, 2
87182, 1
87184, 1
87185, 1
87189, 2
87192, 1
87199, 1
87200, 1
87202, 2
87203, 1
87204, 1
87207, 1
87209, 1
87213, 1
87215, 1
87217, 1
87218, 1
87226, 1
87228, 1
87229, 1
87233, 1
87234, 2
87237, 1
87238, 2
87239, 1
87240, 1
87244, 2
87245, 1
87250, 1
87261, 1
87262, 2
87263, 1
87264, 1
87267, 1
87270, 1
87271, 1
87275, 2
87276, 1
87278, 1
87279, 1
87282, 1
87284, 3
87288, 1
87291, 1
87292, 3
87294, 1
87299, 1
87300, 1
87301, 1
87302, 1
87305, 1
87307, 3
87314, 2
87315, 1
87316, 1
87318, 1
87319, 4
87321, 1
87324, 1
87331, 1
87335, 1
87341, 1
87342, 1
87346, 1
87348, 1
87353, 1
87354, 1
87355, 1
87356, 2
87357, 1
87359, 1
87360, 1
87362, 2
87371, 2
87377, 2
87379, 1
87383, 1
87389, 1
87392, 1
87395, 2
87398, 1
87401, 1
87403, 1
87405, 1
87407, 1
87411, 1
87412, 2
87416, 1
87417, 1
87423, 1
87427, 2
87428, 1
87431, 1
87435, 1
87437, 1
87439, 1
87440, 1
87441, 1
87444, 1
87445, 1
87449, 1
87451, 2
87453, 1
87454, 1
87460, 1
87466, 1
87467, 1
87468, 1
87469, 1
87470, 1
87475, 2
87476, 2
87479, 1
87482, 1
87493, 1
87495, 2
87496, 1
87497, 1
87501, 1
87502, 1
87503, 1
87505, 1
87506, 1
87507, 1
87508, 2
87510, 1
87513, 2
87514, 1
87515, 1
87516, 1
87518, 2
87521, 1
87523, 1
87525, 1
87532, 1
87534, 1
87538, 1
87544, 1
87545, 2
87546, 1
87550, 1
87552, 1
87558, 2
87559, 1
87560, 1
87563, 1
87565, 1
87568, 2
87569, 1
87572, 1
87574, 2
87575, 1
87576, 1
87577, 3
87578, 2
87582, 2
87587, 1
87591, 1
87592, 1
87595, 1
87599, 1
87600, 1
87601, 1
87602, 3
87604, 1
87605, 1
87606, 1
87609, 1
87610, 1
87617, 1
87623, 1
87625, 1
87626, 1
87629, 2
87630, 1
87632, 1
87633, 1
87636, 1
87639, 1
87641, 1
87643, 2
87649, 1
87650, 1
87651, 2
87658, 1
87660, 1
87661, 1
87667, 1
87668, 1
87673, 1
87676, 1
87681, 1
87682, 1
87683, 1
87684, 2
87688, 1
87694, 1
87711, 1
87712, 3
87714, 2
87719, 1
87721, 1
87722, 2
87726, 1
87729, 1
87734, 2
87736, 1
87739, 2
87740, 1
87745, 1
87748, 1
87751, 1
87754, 1
87757, 1
87758, 1
87759, 1
87762, 1
87763, 2
87768, 1
87771, 1
87775, 1
87776, 1
87777, 3
87778, 1
87781, 1
87783, 1
87785, 1
87786, 1
87788, 1
87796, 1
87797, 1
87798, 1
87800, 1
87801, 1
87802, 1
87803, 1
87805, 1
87806, 1
87811, 1
87815, 2
87816, 1
87817, 1
87818, 1
87820, 2
87821, 2
87823, 1
87824, 1
87826, 1
87827, 1
87833, 1
87835, 3
87836, 1
87841, 1
87842, 4
87846, 1
87852, 1
87858, 1
87859, 1
87860, 1
87862, 1
87863, 1
87864, 1
87865, 2
87866, 1
87867, 1
87872, 1
87873, 2
87882, 1
87883, 1
87888, 1
87891, 2
87894, 1
87896, 1
87897, 1
87898, 1
87903, 1
87906, 1
87908, 1
87910, 2
87911, 1
87912, 2
87914, 1
87916, 2
87917, 1
87918, 1
87919, 1
87920, 2
87921, 1
87925, 1
87932, 1
87934, 2
87935, 1
87939, 1
87940, 1
87941, 1
87942, 1
87943, 1
87946, 1
87947, 1
87950, 1
87955, 1
87958, 1
87959, 1
87963, 1
87966, 1
87972, 1
87975, 2
87981, 1
87982, 1
87984, 1
87987, 1
87988, 1
87989, 2
87990, 2
87991, 1
87992, 1
87994, 3
87998, 1
88000, 2
88002, 1
88003, 1
88006, 1
88008, 1
88015, 1
88016, 2
88021, 1
88022, 1
88023, 1
88027, 1
88031, 1
88033, 1
88034, 2
88035, 1
88036, 1
88037, 2
88042, 1
88043, 1
88045, 1
88047, 1
88052, 1
88054, 1
88060, 1
88062, 1
88070, 1
88073, 1
88077, 1
88083, 1
88093, 2
88095, 2
88097, 1
88101, 2
88102, 1
88104, 1
88106, 2
88108, 2
88117, 1
88120, 2
88121, 2
88122, 2
88124, 2
88126, 1
88127, 1
88130, 1
88131, 2
88132, 2
88133, 1
88134, 1
88135, 1
88137, 1
88140, 1
88143, 3
88145, 1
88146, 1
88147, 1
88149, 1
88153, 2
88157, 2
88158, 1
88159, 1
88160, 1
88161, 2
88162, 2
88166, 1
88168, 1
88170, 1
88179, 1
88180, 1
88183, 1
88185, 1
88186, 2
88187, 1
88191, 2
88192, 1
88196, 1
88197, 1
88198, 2
88202, 2
88203, 1
88204, 1
88207, 3
88209, 2
88210, 1
88213, 2
88215, 2
88216, 1
88219, 1
88223, 1
88224, 1
88232, 1
88239, 2
88244, 1
88247, 3
88252, 1
88254, 1
88256, 1
88258, 2
88260, 2
88264, 1
88268, 1
88272, 1
88273, 1
88274, 1
88275, 2
88276, 1
88279, 1
88281, 1
88290, 1
88295, 2
88299, 1
88301, 1
88307, 1
88308, 3
88310, 3
88314, 1
88319, 2
88320, 2
88321, 1
88326, 2
88330, 1
88332, 1
88339, 1
88341, 1
88344, 1
88348, 1
88356, 1
88360, 1
88361, 1
88362, 1
88364, 2
88371, 1
88375, 1
88382, 1
88386, 1
88388, 1
88391, 1
88392, 1
88397, 3
88400, 1
88406, 1
88411, 1
88413, 1
88419, 1
88420, 1
88422, 2
88423, 1
88424, 1
88425, 1
88427, 1
88428, 1
88432, 1
88437, 2
88438, 1
88439, 1
88446, 1
88450, 1
88451, 1
88456, 1
88457, 1
88464, 2
88466, 1
88468, 1
88472, 2
88473, 1
88482, 1
88486, 2
88488, 1
88489, 1
88494, 1
88498, 1
88499, 3
88500, 1
88501, 1
88506, 1
88510, 1
88511, 1
88512, 1
88514, 1
88516, 1
88519, 1
88520, 1
88521, 1
88525, 1
88529, 2
88530, 1
88532, 1
88533, 1
88534, 1
88536, 2
88538, 1
88539, 1
88548, 1
88551, 1
88553, 1
88554, 1
88558, 1
88559, 1
88560, 1
88561, 1
88565, 1
88567, 1
88568, 1
88569, 1
88578, 1
88580, 2
88581, 1
88583, 2
88586, 1
88589, 1
88591, 1
88593, 1
88594, 3
88598, 1
88602, 1
88605, 2
88606, 1
88610, 1
88611, 2
88613, 1
88619, 1
88623, 1
88625, 1
88628, 2
88630, 1
88631, 2
88633, 1
88636, 1
88639, 1
88640, 1
88641, 3
88643, 1
88647, 1
88648, 2
88649, 1
88654, 1
88657, 2
88658, 2
88661, 1
88662, 1
88663, 1
88671, 1
88678, 2
88682, 1
88683, 1
88686, 1
88687, 1
88690, 3
88692, 1
88698, 2
88704, 1
88707, 1
88709, 1
88710, 1
88712, 1
88713, 1
88714, 1
88722, 1
88724, 1
88725, 1
88729, 1
88731, 1
88741, 5
88742, 2
88746, 1
88749, 1
88751, 1
88754, 1
88758, 1
88762, 1
88766, 1
88768, 1
88771, 1
88772, 1
88776, 1
88778, 1
88780, 1
88781, 1
88782, 1
88784, 1
88788, 3
88789, 1
88793, 1
88801, 1
88803, 2
88807, 1
88814, 1
88820, 1
88825, 1
88829, 2
88830, 1
88834, 1
88835, 1
88837, 1
88838, 1
88839, 2
88842, 2
88843, 1
88844, 1
88846, 1
88849, 1
88851, 1
88852, 1
88854, 1
88855, 3
88858, 1
88859, 1
88866, 2
88869, 1
88871, 1
88872, 1
88889, 1
88891, 1
88896, 1
88897, 1
88902, 1
88903, 1
88904, 1
88905, 2
88908, 1
88912, 1
88915, 2
88916, 1
88917, 1
88925, 1
88928, 1
88929, 1
88938, 1
88944, 1
88945, 1
88946, 1
88948, 1
88949, 1
88950, 1
88961, 1
88962, 1
88966, 2
88970, 1
88971, 1
88974, 2
88976, 1
88980, 1
88982, 1
88992, 1
88993, 1
88994, 1
88996, 1
89000, 2
89001, 1
89005, 1
89017, 2
89019, 2
89026, 1
89028, 1
89033, 1
89035, 1
89040, 1
89045, 2
89047, 1
89048, 1
89049, 1
89052, 2
89053, 2
89055, 1
89057, 1
89063, 1
89065, 1
89068, 1
89070, 1
89072, 1
89073, 1
89075, 1
89078, 2
89079, 1
89082, 1
89086, 1
89089, 1
89090, 2
89093, 1
89096, 2
89097, 1
89098, 1
89101, 1
89104, 1
89105, 2
89106, 1
89109, 1
89115, 1
89116, 1
89120, 1
89121, 1
89122, 1
89123, 1
89125, 1
89126, 2
89130, 1
89136, 1
89142, 1
89146, 1
89147, 1
89150, 2
89151, 1
89152, 1
89156, 1
89158, 3
89162, 1
89164, 1
89165, 1
89169, 2
89170, 1
89171, 1
89176, 1
89177, 1
89186, 2
89191, 1
89195, 1
89196, 1
89197, 1
89199, 2
89202, 1
89206, 1
89207, 2
89214, 3
89216, 1
89220, 2
89228, 1
89229, 1
89231, 1
89232, 3
89235, 2
89239, 3
89243, 2
89245, 1
89252, 1
89257, 1
89259, 1
89261, 1
89264, 2
89278, 2
89280, 1
89281, 1
89284, 1
89288, 1
89289, 1
89294, 1
89296, 1
89301, 1
89302, 1
89305, 1
89307, 1
89308, 1
89310, 2
89312, 1
89313, 1
89314, 1
89315, 1
89317, 1
89322, 1
89324, 1
89325, 3
89331, 2
89335, 1
89341, 1
89343, 1
89347, 2
89356, 1
89362, 1
89366, 1
89372, 1
89380, 1
89381, 1
89385, 1
89386, 1
89387, 1
89389, 2
89390, 1
89392, 1
89397, 1
89398, 1
89403, 1
89423, 2
89425, 1
89427, 1
89428, 1
89431, 2
89433, 1
89435, 1
89438, 1
89440, 1
89443, 1
89445, 1
89452, 1
89453, 1
89455, 1
89459, 1
89460, 2
89462, 1
89465, 2
89468, 2
89478, 2
89479, 1
89481, 1
89486, 1
89489, 1
89501, 1
89502, 1
89506, 2
89510, 2
89511, 1
89513, 1
89514, 1
89519, 1
89520, 1
89521, 1
89522, 2
89523, 1
89525, 2
89530, 1
89532, 1
89537, 1
89539, 1
89540, 1
89543, 1
89550, 1
89551, 2
89552, 3
89553, 1
89555, 1
89557, 1
89558, 1
89559, 1
89568, 2
89572, 1
89579, 2
89580, 1
89583, 2
89587, 2
89588, 1
89589, 1
89591, 1
89592, 1
89594, 1
89595, 1
89611, 2
89617, 2
89620, 2
89623, 1
89629, 1
89630, 2
89632, 1
89634, 1
89635, 1
89640, 1
89642, 1
89645, 1
89649, 1
89654, 1
89656, 1
89660, 1
89661, 1
89662, 2
89663, 1
89665, 1
89667, 1
89668, 3
89670, 1
89674, 2
89678, 1
89680, 1
89684, 2
89687, 2
89690, 1
89691, 1
89692, 1
89694, 1
89696, 1
89706, 1
89710, 1
89711, 1
89713, 1
89719, 1
89720, 1
89721, 1
89722, 2
89723, 3
89724, 1
89725, 1
89727, 1
89732, 1
89733, 1
89736, 1
89738, 1
89740, 1
89743, 1
89753, 2
89757, 1
89760, 1
89766, 2
89767, 1
89772, 1
89775, 2
89778, 2
89781, 1
89787, 1
89788, 1
89792, 1
89793, 1
89795, 1
89797, 1
89798, 1
89801, 1
89804, 1
89805, 1
89806, 1
89808, 1
89809, 1
89812, 1
89814, 2
89815, 2
89816, 1
89822, 1
89823, 1
89829, 2
89835, 1
89837, 1
89840, 1
89841, 2
89842, 2
89852, 1
89855, 1
89859, 1
89863, 1
89868, 2
89869, 1
89871, 1
89872, 1
89875, 1
89890, 2
89892, 2
89895, 1
89904, 1
89905, 1
89908, 1
89909, 1
89911, 1
89913, 1
89915, 1
89926, 1
89927, 1
89928, 1
89941, 1
89946, 2
89947, 1
89949, 1
89950, 2
89951, 1
89955, 1
89959, 1
89962, 1
89964, 3
89972, 2
89973, 1
89979, 1
89983, 1
89984, 1
89989, 1
89992, 1
89996, 2
89997, 1
90007, 2
90008, 1
90009, 1
90016, 1
90017, 1
90019, 1
90024, 1
90025, 1
90027, 1
90028, 1
90031, 1
90040, 1
90044, 1
90045, 3
90050, 1
90052, 2
90054, 1
90055, 1
90060, 1
90063, 1
90064, 1
90066, 1
90068, 1
90071, 1
90075, 1
90076, 1
90077, 2
90082, 1
90084, 1
90086, 1
90091, 1
90093, 2
90100, 1
90104, 1
90106, 1
90107, 1
90112, 1
90113, 1
90115, 1
90116, 1
90119, 1
90121, 2
90124, 2
90126, 1
90131, 2
90146, 1
90147, 2
90154, 1
90158, 1
90167, 1
90168, 2
90172, 1
90173, 1
90174, 2
90181, 1
90188, 1
90203, 2
90204, 1
90213, 2
90214, 1
90224, 1
90226, 1
90228, 1
90232, 1
90234, 1
90235, 1
90240, 1
90242, 1
90243, 1
90244, 2
90245, 1
90247, 1
90257, 2
90258, 1
90260, 1
90265, 1
90266, 2
90268, 1
90269, 1
90273, 1
90279, 2
90280, 1
90285, 1
90287, 1
90288, 2
90291, 3
90293, 1
90294, 1
90297, 1
90311, 1
90312, 1
90314, 1
90317, 1
90323, 1
90325, 1
90327, 1
90330, 1
90336, 1
90340, 2
90341, 1
90345, 1
90346, 1
90348, 1
90350, 2
90352, 1
90355, 1
90357, 1
90362, 1
90364, 1
90366, 1
90367, 1
90369, 1
90374, 1
90381, 2
90385, 1
90390, 1
90394, 1
90396, 1
90398, 2
90410, 1
90413, 1
90416, 1
90419, 1
90421, 1
90429, 1
90433, 3
90434, 1
90445, 1
90449, 1
90451, 1
90454, 1
90456, 1
90457, 1
90472, 1
90479, 1
90481, 1
90484, 2
90486, 1
90488, 2
90492, 1
90493, 1
90495, 1
90498, 1
90499, 1
90501, 1
90503, 1
90505, 1
90506, 1
90509, 2
90511, 1
90512, 1
90513, 1
90515, 1
90519, 2
90521, 1
90527, 2
90532, 1
90549, 1
90551, 1
90552, 1
90555, 1
90558, 1
90559, 1
90561, 1
90566, 1
90568, 1
90574, 1
90583, 3
90588, 1
90592, 1
90598, 1
90601, 1
90604, 1
90605, 1
90607, 1
90610, 1
90614, 1
90615, 1
90628, 2
90629, 1
90634, 1
90637, 1
90641, 1
90645, 2
90653, 1
90655, 1
90661, 1
90663, 1
90665, 1
90673, 1
90677, 1
90678, 1
90688, 1
90689, 1
90690, 1
90691, 1
90692, 1
90695, 1
90696, 1
90704, 1
90709, 1
90710, 1
90713, 1
90722, 1
90730, 1
90737, 2
90743, 1
90757, 1
90760, 1
90763, 1
90766, 1
90775, 1
90781, 1
90791, 1
90793, 1
90805, 1
90808, 1
90809, 1
90816, 1
90817, 1
90818, 1
90819, 1
90830, 1
90835, 1
90836, 1
90837, 1
90840, 1
90841, 1
90844, 1
90845, 1
90850, 1
90856, 1
90857, 2
90860, 1
90871, 1
90872, 2
90878, 1
90885, 1
90892, 2
90894, 1
90898, 1
90901, 2
90904, 2
90907, 1
90908, 1
90910, 2
90917, 1
90920, 1
90926, 1
90933, 1
90935, 1
90942, 1
90943, 1
90944, 1
90946, 1
90951, 1
90952, 1
90957, 1
90969, 1
90971, 1
90975, 2
90978, 1
90981, 1
90991, 1
91002, 1
91003, 1
91004, 1
91005, 1
91008, 1
91009, 1
91010, 2
91012, 1
91021, 1
91022, 1
91023, 1
91035, 2
91043, 1
91049, 3
91050, 1
91056, 1
91059, 1
91062, 1
91068, 2
91069, 1
91076, 1
91078, 1
91082, 1
91083, 1
91084, 2
91085, 1
91101, 1
91103, 1
91106, 1
91107, 2
91129, 2
91130, 1
91140, 1
91141, 1
91147, 1
91152, 1
91153, 1
91155, 1
91157, 1
91162, 1
91167, 1
91168, 1
91173, 1
91180, 1
91181, 1
91190, 1
91192, 1
91204, 1
91206, 2
91214, 1
91220, 1
91221, 1
91222, 2
91224, 1
91229, 1
91230, 1
91236, 1
91242, 1
91245, 1
91247, 1
91248, 1
91251, 1
91258, 1
91260, 3
91262, 1
91268, 1
91281, 1
91284, 1
91285, 1
91292, 1
91294, 2
91296, 1
91297, 1
91298, 4
91304, 1
91308, 1
91316, 1
91324, 1
91327, 1
91328, 1
91332, 1
91337, 1
91341, 1
91352, 1
91357, 1
91358, 1
91361, 2
91363, 1
91369, 1
91372, 1
91378, 1
91379, 1
91383, 1
91384, 1
91389, 1
91392, 1
91397, 1
91402, 2
91407, 1
91408, 1
91417, 1
91422, 1
91425, 1
91428, 1
91430, 2
91438, 1
91441, 1
91445, 2
91450, 1
91451, 1
91452, 1
91466, 1
91468, 1
91470, 1
91475, 1
91480, 1
91487, 1
91490, 1
91492, 2
91498, 1
91500, 1
91504, 1
91505, 2
91507, 1
91515, 1
91516, 1
91517, 1
91522, 2
91524, 1
91531, 1
91541, 2
91546, 2
91548, 2
91566, 1
91567, 1
91581, 1
91582, 1
91590, 1
91594, 1
91595, 1
91596, 1
91599, 2
91601, 1
91602, 1
91603, 1
91608, 1
91611, 2
91615, 1
91617, 2
91622, 1
91628, 1
91629, 2
91632, 1
91635, 1
91636, 1
91644, 2
91646, 1
91650, 1
91653, 3
91659, 1
91669, 1
91689, 1
91693, 1
91707, 1
91710, 1
91714, 1
91720, 1
91730, 1
91735, 1
91737, 1
91749, 1
91755, 1
91774, 1
91778, 2
91781, 1
91783, 1
91787, 3
91797, 2
91806, 1
91809, 1
91818, 1
91820, 1
91823, 1
91826, 1
91828, 1
91834, 1
91836, 1
91839, 1
91843, 1
91844, 1
91845, 1
91847, 1
91850, 1
91852, 1
91861, 1
91864, 1
91871, 1
91879, 1
91881, 1
91887, 1
91890, 1
91897, 2
91898, 1
91903, 1
91904, 1
91907, 1
91926, 1
91928, 1
91934, 1
91935, 1
91936, 2
91937, 1
91945, 1
91946, 1
91956, 1
91966, 1
91968, 2
91970, 1
91975, 1
91976, 1
91980, 1
91981, 1
91982, 1
91985, 1
91994, 1
92003, 1
92005, 1
92008, 1
92009, 1
92010, 1
92016, 1
92021, 1
92023, 1
92036, 1
92038, 2
92042, 2
92049, 1
92065, 1
92067, 1
92072, 1
92076, 2
92077, 1
92081, 1
92088, 2
92100, 1
92105, 1
92107, 1
92108, 1
92109, 2
92110, 1
92114, 1
92121, 1
92122, 1
92124, 2
92134, 1
92136, 1
92144, 1
92151, 1
92152, 1
92156, 2
92157, 1
92160, 2
92161, 1
92164, 1
92166, 1
92168, 1
92175, 1
92176, 2
92193, 1
92201, 1
92203, 1
92209, 1
92217, 1
92218, 1
92219, 1
92223, 1
92226, 2
92228, 1
92230, 1
92235, 1
92242, 1
92245, 1
92252, 1
92253, 1
92255, 1
92265, 1
92267, 1
92279, 1
92290, 1
92294, 1
92296, 1
92297, 2
92305, 1
92311, 1
92321, 1
92322, 1
92324, 3
92326, 1
92338, 1
92339, 1
92341, 1
92347, 1
92354, 1
92357, 1
92363, 1
92372, 1
92375, 1
92378, 1
92388, 1
92393, 1
92394, 1
92395, 1
92403, 1
92404, 1
92407, 1
92408, 1
92413, 1
92415, 1
92417, 1
92419, 1
92423, 1
92430, 2
92439, 1
92444, 1
92447, 1
92448, 1
92449, 1
92457, 2
92458, 1
92465, 1
92468, 1
92471, 1
92472, 1
92479, 1
92480, 1
92485, 1
92487, 1
92492, 1
92497, 1
92511, 1
92515, 2
92519, 2
92529, 1
92532, 1
92549, 1
92556, 1
92558, 1
92563, 1
92577, 1
92579, 1
92587, 1
92589, 1
92597, 1
92605, 1
92607, 1
92608, 1
92617, 1
92618, 1
92623, 1
92626, 1
92629, 2
92635, 1
92639, 1
92641, 1
92646, 1
92655, 1
92662, 1
92666, 1
92672, 2
92686, 2
92692, 2
92693, 2
92703, 1
92709, 1
92712, 1
92713, 1
92716, 1
92721, 1
92729, 1
92747, 1
92750, 1
92767, 2
92768, 1
92770, 1
92771, 1
92777, 1
92788, 2
92811, 1
92817, 1
92826, 2
92829, 1
92845, 1
92846, 2
92849, 3
92852, 1
92858, 1
92867, 1
92869, 1
92871, 2
92876, 1
92879, 1
92889, 1
92892, 1
92895, 1
92899, 1
92908, 1
92909, 1
92918, 1
92919, 1
92923, 2
92937, 1
92946, 1
92956, 1
92958, 1
92959, 1
92965, 1
92981, 1
93005, 1
93006, 1
93009, 1
93018, 1
93019, 1
93027, 1
93029, 2
93040, 1
93043, 1
93053, 1
93054, 1
93057, 1
93061, 1
93062, 1
93063, 1
93071, 1
93080, 1
93082, 1
93083, 1
93085, 1
93090, 1
93092, 1
93095, 1
93097, 1
93099, 2
93107, 1
93118, 1
93119, 1
93122, 2
93125, 1
93128, 3
93130, 1
93137, 1
93140, 1
93144, 1
93156, 1
93158, 1
93163, 2
93168, 1
93173, 1
93177, 1
93178, 1
93191, 1
93197, 2
93213, 1
93218, 1
93223, 1
93228, 1
93232, 2
93234, 2
93238, 1
93243, 2
93244, 1
93246, 1
93247, 1
93252, 1
93253, 1
93265, 1
93277, 1
93281, 1
93291, 1
93292, 1
93296, 1
93297, 1
93299, 2
93300, 1
93303, 2
93304, 2
93312, 1
93317, 1
93319, 2
93328, 1
93337, 1
93359, 1
93367, 1
93373, 1
93379, 1
93391, 1
93398, 3
93401, 1
93408, 1
93410, 1
93411, 1
93417, 1
93424, 1
93425, 1
93439, 1
93442, 3
93455, 1
93464, 1
93471, 1
93476, 1
93478, 1
93487, 1
93494, 1
93497, 1
93504, 1
93506, 1
93512, 1
93513, 1
93514, 1
93522, 1
93526, 1
93532, 1
93541, 1
93544, 1
93558, 1
93561, 2
93570, 1
93579, 1
93583, 1
93590, 1
93600, 1
93611, 1
93613, 1
93619, 1
93621, 1
93624, 1
93630, 1
93631, 1
93637, 1
93640, 1
93646, 1
93649, 1
93650, 1
93653, 1
93654, 2
93655, 1
93663, 1
93677, 2
93685, 1
93687, 1
93697, 1
93701, 1
93713, 1
93723, 1
93725, 1
93728, 1
93729, 1
93740, 1
93743, 1
93744, 1
93752, 2
93753, 1
93754, 1
93765, 1
93770, 1
93776, 1
93780, 1
93797, 1
93801, 1
93804, 2
93828, 1
93837, 1
93849, 1
93858, 1
93859, 1
93860, 1
93871, 1
93885, 1
93897, 2
93904, 1
93905, 1
93910, 1
93911, 1
93918, 1
93926, 1
93932, 1
93934, 1
93936, 1
93937, 1
93950, 1
93961, 1
93968, 1
93978, 1
93979, 1
93985, 1
94005, 1
94009, 1
94016, 1
94022, 1
94032, 1
94051, 1
94052, 1
94053, 2
94058, 1
94064, 1
94065, 1
94066, 1
94067, 2
94072, 1
94078, 1
94093, 2
94104, 1
94107, 2
94108, 1
94110, 1
94121, 1
94125, 1
94133, 1
94140, 1
94148, 1
94154, 1
94156, 1
94160, 1
94167, 1
94185, 1
94187, 1
94190, 1
94199, 1
94202, 1
94209, 1
94212, 1
94216, 1
94221, 2
94230, 1
94233, 1
94243, 2
94244, 1
94249, 1
94251, 2
94260, 1
94262, 1
94263, 1
94270, 2
94275, 1
94279, 3
94285, 1
94292, 1
94305, 1
94309, 1
94310, 1
94311, 1
94314, 1
94321, 1
94324, 1
94326, 1
94330, 2
94338, 1
94342, 1
94347, 1
94349, 1
94355, 1
94357, 1
94360, 1
94362, 1
94364, 1
94368, 1
94371, 1
94379, 1
94383, 2
94387, 1
94392, 1
94394, 1
94395, 1
94398, 1
94403, 1
94408, 1
94415, 1
94426, 1
94429, 2
94430, 2
94437, 1
94439, 1
94458, 1
94459, 1
94463, 1
94464, 1
94467, 1
94469, 1
94470, 2
94475, 1
94476, 1
94492, 1
94495, 1
94499, 2
94501, 1
94514, 1
94515, 1
94532, 1
94550, 1
94555, 1
94556, 1
94558, 1
94562, 1
94565, 1
94574, 1
94578, 2
94594, 1
94600, 1
94603, 1
94609, 1
94621, 1
94623, 1
94633, 1
94634, 1
94639, 1
94640, 1
94648, 1
94649, 1
94653, 1
94682, 1
94695, 1
94696, 1
94698, 1
94707, 1
94715, 1
94722, 1
94730, 1
94732, 1
94735, 1
94742, 2
94747, 2
94749, 1
94780, 1
94784, 2
94785, 2
94788, 1
94797, 1
94800, 1
94832, 1
94838, 1
94856, 1
94862, 1
94864, 1
94881, 1
94884, 1
94888, 1
94897, 1
94899, 1
94903, 1
94908, 1
94913, 1
94915, 1
94930, 1
94936, 1
94941, 1
94942, 1
94943, 1
94944, 1
94952, 1
94965, 1
94966, 1
94972, 1
94974, 1
94975, 1
94977, 1
95012, 1
95040, 1
95042, 1
95050, 1
95063, 1
95066, 1
95079, 1
95080, 1
95086, 1
95093, 1
95094, 1
95098, 1
95107, 1
95120, 1
95121, 1
95143, 1
95145, 1
95150, 1
95155, 1
95163, 1
95170, 1
95173, 1
95179, 2
95207, 1
95219, 1
95226, 1
95241, 1
95249, 1
95253, 1
95255, 1
95261, 1
95267, 1
95272, 1
95273, 1
95282, 1
95287, 1
95294, 1
95295, 1
95320, 1
95322, 1
95326, 1
95331, 1
95335, 3
95352, 1
95360, 1
95372, 1
95374, 1
95379, 1
95380, 2
95404, 1
95436, 1
95438, 1
95450, 1
95474, 1
95481, 1
95485, 1
95487, 1
95493, 1
95495, 1
95496, 1
95505, 1
95521, 1
95544, 1
95548, 1
95549, 2
95554, 1
95568, 1
95587, 1
95588, 1
95593, 1
95612, 1
95615, 1
95625, 1
95629, 1
95632, 1
95643, 1
95646, 1
95657, 1
95658, 1
95677, 1
95683, 1
95691, 1
95699, 1
95701, 1
95709, 1
95720, 1
95726, 1
95729, 1
95731, 1
95740, 1
95762, 1
95768, 1
95778, 1
95796, 1
95816, 1
95824, 1
95833, 1
95868, 1
95894, 1
95900, 1
95904, 1
95918, 1
95947, 1
95990, 1
95997, 1
96002, 1
96010, 1
96012, 1
96019, 1
96023, 1
96025, 1
96034, 1
96042, 1
96044, 1
96049, 1
96051, 1
96053, 1
96057, 1
96061, 1
96105, 1
96141, 1
96145, 1
96146, 1
96159, 1
96165, 1
96166, 1
96173, 1
96188, 1
96191, 1
96201, 1
96212, 1
96230, 1
96238, 1
96252, 1
96261, 1
96263, 1
96266, 1
96279, 1
96288, 1
96317, 1
96327, 1
96343, 1
96350, 1
96378, 1
96387, 1
96389, 1
96408, 1
96418, 1
96420, 1
96432, 1
96468, 1
96469, 1
96472, 1
96483, 1
96501, 1
96503, 1
96507, 1
96533, 1
96545, 1
96550, 1
96552, 1
96576, 1
96581, 1
96584, 1
96588, 1
96615, 1
96627, 1
96636, 1
96660, 1
96665, 1
96668, 1
96669, 1
96689, 1
96708, 3
96709, 1
96713, 1
96722, 1
96728, 1
96732, 1
96741, 1
96792, 1
96804, 1
96831, 1
96835, 1
96838, 1
96842, 1
96843, 1
96851, 1
96855, 1
96863, 1
96871, 2
96881, 1
96886, 1
96903, 1
96909, 1
96945, 1
96947, 1
96952, 1
96954, 1
96970, 1
96971, 1
96993, 1
97007, 1
97034, 1
97043, 1
97062, 1
97071, 1
97084, 1
97085, 1
97099, 1
97104, 1
97117, 1
97121, 1
97136, 1
97157, 1
97197, 1
97218, 2
97224, 1
97257, 1
97273, 1
97294, 1
97308, 1
97318, 1
97355, 1
97364, 1
97367, 1
97378, 1
97398, 1
97407, 1
97408, 1
97410, 1
97420, 1
97424, 2
97425, 1
97431, 1
97514, 1
97558, 1
97581, 2
97596, 1
97597, 1
97598, 1
97600, 1
97635, 1
97636, 1
97642, 1
97643, 1
97652, 1
97653, 1
97669, 1
97687, 1
97708, 3
97748, 1
97771, 2
97786, 1
97790, 1
97813, 1
97836, 1
97847, 1
97859, 1
97869, 1
97914, 1
97928, 1
97939, 1
97949, 1
97953, 1
98013, 1
98027, 1
98043, 1
98075, 1
98106, 1
98129, 1
98163, 1
98166, 1
98180, 1
98192, 1
98248, 1
98264, 1
98294, 1
98297, 1
98299, 1
98340, 1
98348, 1
98354, 1
98356, 1
98374, 1
98389, 1
98399, 1
98434, 2
98443, 1
98460, 1
98475, 1
98506, 1
98518, 2
98523, 1
98546, 1
98562, 1
98618, 1
98639, 1
98659, 1
98664, 1
98665, 1
98668, 1
98693, 1
98703, 1
98711, 1
98727, 1
98760, 1
98794, 1
98811, 1
98834, 1
98863, 1
98873, 1
98900, 1
98912, 1
98920, 1
98957, 1
98975, 1
98981, 1
98995, 1
99067, 1
99133, 1
99149, 1
99160, 1
99163, 1
99173, 1
99182, 1
99187, 1
99200, 1
99261, 1
99267, 1
99270, 1
99284, 1
99301, 1
99317, 1
99319, 1
99371, 1
99396, 1
99477, 1
99479, 1
99481, 1
99486, 2
99507, 1
99525, 1
99583, 1
99585, 1
99623, 1
99631, 1
99638, 1
99741, 1
99747, 1
99751, 1
99763, 1
99848, 1
99851, 1
99857, 1
99865, 1
99884, 1
99957, 1
100011, 1
100017, 1
100025, 1
100030, 1
100031, 1
100040, 1
100093, 1
100129, 1
100223, 1
100250, 1
100266, 1
100329, 1
100341, 1
100377, 1
100381, 1
100403, 1
100430, 1
100481, 1
100504, 1
100546, 1
100705, 1
100732, 1
100744, 1
100833, 1
100844, 1
100881, 1
100889, 1
101037, 1
101083, 1
101105, 1
101163, 1
101311, 1
101342, 1
101357, 1
101373, 1
101421, 1
101457, 1
101470, 1
101491, 1
101517, 1
101627, 1
101649, 1
101659, 1
101735, 1
101756, 1
101838, 1
101954, 1
101986, 1
102006, 1
102277, 1
102301, 1
102476, 1
102749, 1
102785, 1
102848, 1
103021, 1
103111, 1
103161, 1
103306, 1
103675, 1
103727, 1
103853, 1
103860, 1
104337, 1
104564, 1
104596, 1
104632, 1
104714, 1
104804, 1
106912, 1
106924, 1
107730, 1
107851, 1
