31065, 1
31130, 1
31181, 1
32224, 1
32508, 1
32709, 1
32717, 1
33143, 1
33446, 1
33723, 1
33849, 1
33952, 1
34470, 1
34504, 1
34552, 1
34592, 1
34629, 1
34654, 1
34733, 1
34740, 1
34864, 1
34941, 1
34985, 1
34992, 1
35318, 1
35331, 1
35482, 1
35515, 1
35602, 1
35603, 1
35623, 1
35931, 1
36055, 1
36189, 1
36280, 1
36289, 1
36318, 1
36321, 1
36378, 1
36463, 1
36641, 1
36645, 1
36732, 1
36819, 1
36917, 1
37002, 1
37074, 1
37076, 1
37097, 1
37242, 1
37274, 1
37283, 1
37319, 1
37362, 1
37429, 1
37458, 1
37497, 1
37609, 1
37695, 1
37761, 1
37791, 1
37796, 1
37805, 1
37838, 1
37988, 1
38083, 1
38087, 1
38204, 1
38249, 1
38265, 1
38342, 1
38373, 1
38375, 1
38396, 1
38420, 1
38422, 1
38439, 1
38456, 2
38474, 1
38488, 1
38512, 1
38537, 1
38555, 1
38563, 1
38574, 1
38618, 1
38635, 1
38694, 1
38698, 1
38704, 1
38717, 1
38740, 1
38751, 1
38785, 1
38880, 1
38890, 1
38894, 1
38961, 2
38964, 1
39002, 1
39037, 1
39042, 1
39047, 1
39057, 1
39074, 1
39081, 1
39108, 1
39116, 1
39130, 1
39142, 1
39158, 2
39163, 1
39176, 1
39194, 1
39203, 1
39208, 2
39266, 1
39312, 1
39325, 1
39352, 1
39354, 1
39417, 1
39464, 1
39481, 1
39528, 2
39529, 1
39536, 1
39549, 1
39567, 1
39573, 1
39625, 1
39648, 1
39678, 1
39688, 1
39721, 1
39769, 1
39791, 1
39805, 1
39824, 1
39843, 1
39891, 1
39914, 1
40004, 1
40006, 1
40039, 1
40110, 1
40117, 1
40144, 1
40169, 1
40184, 1
40226, 1
40237, 1
40263, 1
40317, 1
40322, 1
40360, 1
40361, 1
40362, 1
40385, 1
40409, 1
40421, 1
40430, 1
40434, 1
40437, 1
40441, 1
40453, 1
40482, 1
40496, 1
40498, 1
40500, 2
40510, 1
40553, 1
40563, 1
40598, 1
40603, 1
40632, 1
40633, 1
40664, 1
40685, 1
40693, 1
40754, 1
40773, 1
40778, 1
40783, 1
40784, 1
40828, 1
40830, 2
40853, 1
40887, 1
40958, 1
40962, 1
40968, 1
40974, 1
40975, 1
40998, 1
41008, 1
41022, 2
41029, 1
41038, 1
41049, 1
41057, 1
41066, 1
41068, 2
41082, 1
41142, 1
41186, 2
41199, 1
41213, 1
41265, 1
41277, 1
41287, 1
41306, 1
41322, 1
41403, 1
41408, 1
41409, 1
41421, 1
41422, 1
41445, 1
41489, 1
41501, 1
41506, 1
41515, 1
41517, 1
41518, 1
41519, 1
41534, 1
41537, 1
41538, 1
41543, 1
41549, 1
41568, 1
41575, 1
41580, 1
41582, 1
41649, 1
41672, 1
41675, 1
41684, 1
41689, 1
41691, 1
41698, 1
41715, 1
41722, 1
41731, 1
41738, 1
41739, 1
41740, 1
41741, 1
41744, 1
41759, 1
41773, 1
41775, 1
41801, 1
41814, 2
41824, 1
41835, 1
41857, 1
41858, 1
41869, 1
41870, 1
41880, 1
41881, 1
41882, 1
41883, 1
41918, 1
41948, 2
41958, 1
41963, 1
41980, 1
41984, 1
41990, 1
41993, 1
42001, 1
42004, 1
42019, 1
42033, 1
42044, 1
42051, 1
42056, 1
42061, 1
42082, 1
42085, 1
42087, 1
42122, 1
42123, 1
42125, 1
42139, 2
42140, 1
42149, 1
42152, 1
42177, 1
42197, 1
42204, 1
42208, 1
42219, 1
42221, 1
42227, 1
42235, 1
42244, 1
42249, 1
42250, 1
42251, 1
42263, 1
42307, 1
42327, 1
42362, 1
42373, 1
42385, 1
42424, 1
42426, 1
42433, 1
42442, 1
42453, 1
42466, 1
42468, 1
42474, 1
42476, 1
42482, 1
42483, 1
42519, 1
42521, 2
42530, 1
42570, 1
42573, 1
42577, 1
42579, 1
42585, 1
42586, 1
42592, 1
42601, 1
42628, 1
42634, 1
42635, 1
42644, 1
42645, 1
42648, 1
42669, 1
42672, 1
42675, 1
42677, 1
42687, 1
42690, 1
42703, 1
42708, 1
42719, 1
42725, 1
42729, 1
42736, 1
42739, 1
42743, 1
42756, 1
42763, 1
42771, 1
42774, 1
42778, 1
42781, 1
42785, 1
42812, 1
42828, 1
42849, 1
42858, 1
42882, 1
42890, 1
42900, 1
42923, 1
42927, 1
42930, 1
42953, 1
42956, 1
42959, 1
42968, 1
42969, 1
42992, 1
43021, 1
43022, 1
43027, 1
43035, 1
43038, 1
43043, 1
43045, 1
43056, 1
43065, 1
43066, 1
43080, 1
43083, 1
43104, 1
43106, 1
43109, 1
43114, 1
43135, 1
43143, 1
43148, 2
43161, 1
43166, 1
43175, 1
43184, 1
43195, 1
43197, 1
43198, 1
43207, 1
43224, 1
43226, 1
43235, 1
43248, 1
43264, 1
43269, 1
43281, 1
43291, 1
43296, 1
43297, 1
43298, 1
43301, 1
43303, 1
43309, 1
43320, 1
43321, 1
43328, 2
43336, 1
43342, 1
43345, 1
43362, 1
43365, 1
43373, 1
43392, 1
43403, 1
43411, 1
43426, 1
43427, 1
43431, 1
43436, 1
43441, 1
43454, 1
43464, 1
43476, 1
43480, 1
43487, 1
43515, 1
43519, 1
43553, 1
43556, 1
43567, 1
43568, 1
43571, 1
43580, 1
43581, 1
43594, 1
43600, 1
43611, 1
43625, 1
43651, 1
43666, 1
43669, 1
43671, 1
43674, 1
43677, 1
43681, 1
43691, 1
43704, 1
43707, 1
43732, 2
43753, 1
43762, 1
43770, 1
43772, 1
43775, 2
43790, 1
43811, 1
43823, 1
43830, 1
43838, 1
43840, 1
43844, 1
43845, 1
43846, 1
43847, 1
43848, 1
43856, 1
43864, 1
43876, 1
43885, 1
43901, 1
43907, 1
43909, 1
43915, 1
43917, 1
43923, 1
43924, 1
43926, 2
43929, 1
43934, 1
43939, 1
43946, 1
43948, 1
43951, 1
43956, 1
43957, 1
43959, 1
43967, 1
43970, 1
43976, 1
44012, 1
44021, 1
44040, 1
44042, 1
44046, 1
44051, 1
44056, 1
44072, 1
44076, 1
44084, 1
44097, 1
44102, 1
44123, 1
44136, 1
44141, 1
44142, 1
44155, 1
44175, 1
44180, 1
44182, 1
44195, 1
44201, 1
44210, 1
44223, 2
44227, 1
44234, 1
44235, 1
44268, 2
44270, 1
44290, 1
44293, 1
44298, 1
44304, 1
44307, 1
44309, 1
44316, 1
44322, 1
44332, 1
44334, 2
44336, 1
44348, 1
44359, 1
44361, 1
44365, 1
44367, 1
44370, 1
44372, 1
44376, 1
44378, 1
44391, 1
44397, 1
44404, 1
44407, 1
44409, 1
44410, 1
44418, 1
44428, 1
44433, 1
44444, 1
44447, 1
44461, 1
44465, 1
44467, 2
44472, 2
44477, 1
44490, 1
44498, 1
44501, 1
44519, 1
44524, 1
44528, 1
44532, 1
44533, 1
44539, 1
44540, 2
44566, 1
44569, 1
44571, 1
44599, 1
44619, 1
44621, 1
44625, 1
44633, 1
44647, 2
44659, 1
44662, 2
44668, 1
44675, 1
44679, 1
44683, 1
44701, 1
44715, 1
44722, 2
44726, 1
44741, 1
44750, 1
44752, 1
44753, 1
44754, 1
44757, 1
44759, 1
44762, 1
44764, 1
44768, 1
44769, 1
44770, 1
44774, 1
44775, 1
44781, 1
44782, 1
44789, 1
44800, 1
44801, 1
44810, 1
44818, 1
44820, 1
44822, 1
44823, 1
44828, 1
44836, 1
44843, 1
44855, 1
44875, 1
44881, 1
44907, 1
44931, 1
44932, 1
44936, 1
44939, 1
44945, 1
44951, 1
44967, 1
44970, 1
44975, 1
44976, 1
44983, 1
45011, 1
45016, 1
45029, 1
45036, 1
45039, 1
45044, 1
45046, 1
45049, 3
45051, 1
45059, 1
45065, 1
45068, 1
45078, 1
45079, 1
45080, 1
45086, 1
45090, 1
45100, 1
45110, 1
45121, 1
45123, 1
45133, 1
45135, 1
45137, 1
45139, 1
45142, 1
45154, 1
45158, 1
45162, 1
45164, 1
45167, 1
45169, 1
45171, 1
45172, 1
45173, 2
45179, 1
45189, 1
45192, 1
45198, 1
45203, 1
45208, 1
45217, 1
45220, 1
45221, 1
45225, 1
45228, 1
45237, 1
45241, 1
45256, 1
45261, 1
45268, 1
45272, 1
45276, 1
45291, 1
45292, 1
45295, 1
45300, 1
45303, 1
45311, 1
45314, 1
45321, 1
45322, 1
45327, 1
45330, 1
45334, 2
45335, 1
45336, 1
45343, 1
45344, 1
45349, 1
45352, 1
45353, 1
45354, 1
45358, 1
45360, 1
45362, 1
45368, 1
45370, 1
45373, 1
45396, 1
45406, 1
45411, 1
45416, 1
45417, 1
45419, 1
45420, 1
45421, 2
45428, 1
45431, 1
45439, 1
45466, 1
45475, 2
45482, 1
45486, 1
45504, 1
45505, 1
45510, 2
45514, 2
45515, 1
45526, 1
45535, 1
45538, 2
45548, 2
45552, 1
45553, 1
45556, 1
45558, 1
45559, 1
45561, 1
45569, 2
45573, 1
45581, 2
45587, 1
45588, 1
45592, 1
45599, 1
45601, 1
45626, 1
45627, 1
45629, 1
45632, 1
45633, 1
45634, 1
45635, 1
45638, 1
45644, 1
45645, 2
45647, 1
45658, 1
45669, 1
45672, 1
45673, 1
45680, 1
45688, 1
45692, 1
45693, 1
45694, 1
45697, 1
45705, 3
45708, 1
45711, 1
45712, 1
45725, 2
45727, 1
45745, 1
45750, 1
45757, 2
45758, 1
45762, 1
45766, 1
45768, 1
45769, 1
45770, 1
45771, 1
45772, 1
45784, 1
45785, 2
45794, 1
45808, 1
45817, 1
45818, 1
45819, 1
45822, 1
45839, 1
45850, 1
45851, 1
45856, 1
45861, 1
45865, 1
45871, 1
45872, 1
45874, 1
45875, 1
45877, 1
45879, 1
45880, 1
45881, 1
45886, 2
45887, 1
45888, 2
45891, 1
45894, 1
45895, 1
45901, 1
45902, 1
45903, 1
45906, 1
45907, 1
45922, 1
45923, 1
45924, 1
45935, 1
45949, 1
45955, 2
45964, 1
45967, 1
45968, 1
45980, 1
45981, 1
45990, 1
45993, 1
45998, 1
46000, 1
46005, 2
46010, 1
46014, 1
46021, 1
46022, 1
46023, 1
46025, 1
46031, 1
46034, 1
46035, 1
46039, 1
46041, 1
46044, 2
46053, 1
46065, 1
46066, 2
46075, 2
46080, 1
46085, 1
46088, 1
46093, 1
46104, 1
46111, 1
46121, 2
46126, 1
46135, 1
46136, 1
46137, 1
46140, 1
46142, 1
46146, 1
46150, 1
46151, 1
46169, 1
46170, 1
46181, 1
46184, 1
46185, 1
46186, 1
46187, 1
46188, 1
46195, 1
46197, 1
46207, 2
46210, 1
46222, 1
46223, 1
46227, 1
46229, 1
46245, 1
46246, 1
46258, 1
46264, 1
46267, 1
46277, 1
46278, 1
46279, 1
46280, 1
46283, 1
46287, 1
46293, 1
46299, 1
46318, 1
46319, 2
46324, 1
46326, 1
46333, 1
46336, 1
46342, 1
46352, 1
46355, 1
46360, 1
46363, 1
46373, 1
46376, 1
46379, 1
46387, 1
46388, 1
46394, 2
46396, 1
46399, 1
46401, 1
46406, 1
46408, 1
46409, 1
46410, 1
46421, 1
46423, 1
46439, 1
46448, 1
46452, 1
46456, 1
46466, 1
46467, 1
46477, 1
46478, 2
46481, 2
46482, 1
46483, 1
46484, 1
46489, 1
46490, 1
46492, 1
46506, 1
46507, 1
46511, 1
46515, 1
46519, 1
46520, 1
46523, 1
46540, 1
46544, 1
46545, 1
46547, 1
46561, 1
46564, 1
46568, 1
46569, 1
46572, 1
46573, 1
46576, 1
46579, 2
46580, 1
46584, 1
46590, 2
46600, 1
46601, 1
46602, 1
46603, 1
46604, 1
46608, 1
46609, 1
46611, 1
46614, 1
46615, 1
46616, 1
46624, 1
46630, 1
46631, 1
46635, 1
46648, 1
46652, 2
46653, 2
46670, 1
46673, 1
46675, 1
46678, 1
46680, 2
46682, 1
46684, 1
46690, 1
46693, 1
46700, 1
46704, 2
46715, 2
46717, 1
46723, 1
46728, 1
46733, 1
46736, 1
46741, 1
46743, 1
46754, 1
46775, 1
46779, 1
46780, 1
46783, 1
46788, 1
46790, 1
46795, 1
46801, 1
46803, 1
46805, 1
46811, 1
46817, 1
46819, 4
46825, 1
46827, 1
46833, 1
46836, 2
46850, 1
46855, 1
46858, 1
46860, 1
46862, 1
46864, 1
46871, 1
46875, 1
46876, 1
46877, 1
46884, 1
46888, 1
46893, 1
46897, 1
46906, 1
46912, 1
46914, 1
46918, 1
46927, 1
46932, 1
46936, 1
46943, 1
46947, 1
46949, 1
46950, 1
46952, 1
46959, 1
46961, 1
46967, 1
46969, 1
46973, 1
46977, 1
46980, 1
46987, 1
46997, 1
47001, 1
47006, 3
47007, 1
47013, 1
47020, 2
47021, 1
47038, 1
47047, 1
47048, 1
47057, 1
47059, 2
47072, 1
47073, 1
47074, 2
47076, 1
47077, 1
47079, 1
47080, 1
47084, 1
47085, 2
47086, 1
47087, 1
47097, 1
47099, 1
47100, 1
47102, 1
47104, 1
47125, 1
47133, 1
47140, 2
47142, 2
47154, 1
47157, 1
47159, 1
47160, 1
47161, 1
47164, 1
47172, 1
47174, 1
47176, 1
47177, 1
47179, 1
47181, 1
47185, 1
47187, 1
47189, 1
47195, 2
47198, 1
47201, 1
47202, 1
47204, 1
47205, 1
47209, 2
47213, 2
47214, 1
47219, 1
47224, 1
47226, 1
47227, 1
47233, 1
47239, 1
47240, 1
47247, 1
47248, 2
47249, 1
47251, 1
47259, 1
47265, 1
47266, 1
47267, 1
47269, 1
47271, 2
47276, 1
47279, 1
47280, 1
47281, 1
47285, 1
47286, 1
47287, 1
47291, 1
47296, 1
47298, 1
47299, 1
47305, 1
47310, 1
47313, 1
47315, 1
47317, 1
47320, 1
47327, 1
47333, 2
47349, 2
47352, 1
47353, 1
47357, 1
47359, 1
47366, 1
47371, 1
47380, 1
47385, 1
47390, 1
47397, 1
47404, 1
47405, 1
47413, 1
47415, 1
47418, 2
47419, 1
47420, 1
47424, 1
47425, 1
47427, 1
47428, 1
47438, 1
47441, 1
47450, 1
47456, 2
47457, 1
47475, 1
47479, 2
47482, 3
47483, 1
47486, 1
47488, 1
47491, 2
47492, 1
47495, 1
47499, 1
47518, 1
47523, 1
47524, 1
47533, 2
47537, 1
47551, 1
47555, 2
47556, 1
47557, 1
47561, 1
47567, 1
47569, 1
47570, 1
47577, 1
47583, 1
47584, 1
47596, 1
47597, 2
47602, 1
47606, 1
47607, 1
47610, 1
47612, 1
47613, 1
47614, 1
47617, 2
47623, 1
47629, 1
47631, 1
47632, 1
47637, 1
47638, 1
47648, 1
47655, 1
47677, 1
47684, 1
47688, 1
47690, 1
47694, 1
47703, 1
47707, 1
47708, 1
47709, 1
47715, 1
47716, 2
47717, 1
47719, 1
47720, 2
47722, 1
47723, 1
47729, 1
47733, 1
47735, 1
47740, 1
47749, 1
47752, 1
47754, 1
47756, 1
47757, 1
47762, 1
47768, 1
47771, 2
47772, 1
47773, 1
47774, 1
47784, 1
47785, 2
47794, 1
47797, 1
47810, 1
47813, 1
47814, 1
47819, 3
47823, 1
47824, 1
47828, 1
47837, 1
47839, 1
47842, 1
47845, 1
47846, 1
47852, 2
47856, 1
47866, 1
47875, 2
47877, 1
47879, 1
47880, 1
47887, 1
47892, 1
47898, 1
47900, 1
47901, 2
47902, 1
47903, 2
47906, 1
47909, 1
47915, 1
47922, 1
47932, 1
47937, 2
47940, 1
47946, 1
47949, 1
47950, 1
47954, 1
47957, 1
47958, 1
47960, 1
47961, 1
47966, 1
47968, 2
47982, 1
47986, 1
47990, 1
47992, 1
47993, 1
47994, 1
47995, 1
47996, 1
47998, 2
48000, 1
48011, 2
48013, 3
48015, 2
48016, 1
48019, 1
48027, 1
48031, 1
48036, 2
48040, 1
48041, 1
48045, 1
48047, 1
48051, 1
48056, 1
48057, 1
48065, 1
48070, 1
48072, 3
48073, 1
48078, 1
48079, 1
48084, 1
48089, 1
48104, 1
48106, 2
48111, 1
48117, 1
48121, 1
48123, 2
48124, 1
48129, 1
48133, 1
48135, 1
48141, 1
48144, 1
48148, 1
48151, 1
48154, 1
48156, 1
48161, 1
48163, 1
48169, 2
48170, 1
48179, 1
48184, 1
48190, 1
48191, 1
48195, 1
48201, 1
48203, 1
48206, 2
48207, 1
48210, 1
48217, 1
48223, 2
48230, 1
48231, 1
48240, 1
48245, 1
48253, 1
48255, 1
48257, 3
48258, 1
48260, 1
48274, 1
48276, 2
48277, 2
48278, 1
48280, 1
48286, 2
48288, 1
48289, 1
48291, 1
48299, 2
48302, 1
48307, 1
48309, 1
48310, 1
48314, 1
48322, 1
48323, 1
48324, 1
48330, 2
48332, 1
48337, 1
48339, 1
48342, 2
48347, 1
48348, 1
48350, 2
48353, 2
48354, 1
48360, 2
48361, 1
48362, 1
48363, 2
48364, 2
48370, 1
48371, 1
48373, 1
48377, 1
48379, 1
48382, 2
48383, 2
48397, 1
48398, 2
48401, 2
48404, 1
48406, 1
48409, 1
48410, 1
48413, 1
48416, 1
48422, 1
48424, 1
48432, 1
48436, 1
48438, 1
48439, 1
48441, 1
48448, 1
48450, 1
48452, 1
48458, 1
48459, 1
48461, 1
48468, 1
48480, 2
48481, 1
48489, 1
48490, 1
48491, 2
48493, 1
48494, 1
48496, 1
48500, 1
48501, 1
48503, 1
48504, 1
48508, 1
48509, 1
48512, 1
48513, 1
48517, 1
48521, 1
48523, 1
48527, 1
48529, 1
48532, 1
48533, 2
48536, 1
48539, 1
48544, 1
48545, 1
48549, 1
48550, 2
48553, 1
48558, 1
48562, 1
48564, 1
48566, 1
48567, 2
48568, 1
48569, 1
48573, 1
48587, 1
48589, 1
48596, 1
48600, 1
48602, 2
48603, 1
48604, 1
48609, 1
48625, 1
48629, 1
48630, 1
48632, 1
48633, 1
48635, 1
48636, 1
48645, 1
48646, 1
48654, 1
48655, 1
48664, 1
48666, 1
48673, 2
48678, 1
48681, 1
48684, 1
48685, 1
48687, 1
48695, 1
48700, 1
48701, 1
48706, 1
48709, 1
48711, 1
48715, 2
48721, 1
48724, 2
48725, 1
48727, 1
48728, 1
48729, 1
48735, 1
48742, 1
48745, 1
48746, 1
48754, 1
48757, 2
48758, 1
48763, 2
48767, 1
48768, 1
48774, 1
48775, 1
48782, 1
48787, 1
48788, 1
48793, 1
48797, 1
48800, 1
48805, 1
48806, 2
48808, 2
48810, 1
48812, 1
48813, 2
48814, 1
48817, 3
48819, 2
48828, 1
48830, 2
48838, 1
48841, 2
48844, 1
48852, 1
48855, 1
48856, 1
48858, 2
48859, 1
48861, 1
48862, 1
48866, 1
48870, 1
48872, 1
48876, 1
48878, 1
48879, 1
48890, 1
48891, 1
48894, 2
48897, 1
48903, 1
48904, 2
48909, 1
48911, 1
48914, 1
48916, 1
48917, 1
48919, 1
48920, 1
48925, 2
48930, 1
48933, 1
48940, 1
48944, 2
48946, 2
48950, 1
48951, 2
48958, 1
48960, 1
48962, 1
48967, 1
48972, 1
48978, 1
48982, 1
48984, 2
48990, 1
48992, 1
48993, 2
48996, 1
48997, 1
48998, 1
48999, 1
49000, 1
49001, 1
49009, 1
49014, 1
49016, 1
49018, 1
49022, 2
49023, 1
49032, 1
49033, 1
49034, 1
49037, 1
49040, 1
49041, 1
49048, 1
49049, 3
49057, 1
49058, 1
49066, 1
49068, 2
49069, 1
49071, 1
49074, 1
49075, 2
49078, 1
49081, 1
49083, 2
49084, 1
49085, 1
49090, 1
49095, 1
49096, 1
49099, 1
49101, 1
49104, 1
49106, 1
49109, 1
49111, 1
49116, 1
49122, 1
49126, 1
49130, 1
49136, 1
49141, 1
49143, 1
49151, 1
49152, 1
49154, 1
49160, 1
49163, 4
49165, 1
49167, 1
49170, 1
49173, 1
49180, 1
49185, 1
49186, 1
49188, 1
49193, 1
49196, 1
49205, 1
49207, 1
49208, 1
49210, 2
49212, 1
49214, 1
49215, 1
49220, 1
49224, 1
49226, 1
49229, 2
49230, 2
49231, 1
49232, 1
49237, 2
49245, 1
49247, 1
49249, 1
49252, 1
49253, 1
49254, 1
49255, 1
49256, 1
49272, 1
49274, 1
49281, 2
49282, 1
49283, 2
49285, 1
49286, 2
49291, 1
49292, 1
49297, 1
49304, 1
49306, 1
49312, 2
49316, 1
49318, 1
49320, 1
49324, 1
49325, 1
49328, 1
49330, 2
49332, 1
49333, 1
49340, 2
49341, 1
49342, 1
49345, 1
49346, 1
49351, 2
49353, 2
49357, 1
49359, 1
49362, 1
49363, 1
49367, 2
49368, 1
49371, 1
49374, 1
49375, 2
49376, 1
49380, 1
49389, 1
49392, 1
49396, 1
49397, 2
49399, 1
49400, 1
49401, 1
49402, 1
49405, 2
49411, 1
49412, 1
49414, 1
49415, 1
49417, 1
49419, 1
49422, 1
49423, 1
49425, 1
49430, 2
49431, 1
49436, 1
49439, 1
49446, 2
49452, 2
49459, 2
49462, 1
49463, 1
49464, 2
49465, 1
49469, 1
49472, 1
49474, 1
49475, 1
49476, 1
49477, 1
49478, 1
49479, 2
49480, 1
49489, 1
49492, 2
49494, 1
49495, 1
49496, 1
49497, 1
49506, 1
49507, 3
49512, 1
49514, 1
49518, 1
49522, 1
49530, 1
49534, 1
49535, 1
49536, 1
49538, 1
49542, 3
49544, 1
49547, 1
49549, 1
49551, 2
49553, 1
49554, 1
49562, 1
49566, 1
49573, 1
49579, 1
49581, 1
49583, 1
49586, 1
49596, 1
49604, 1
49607, 1
49608, 1
49612, 1
49613, 1
49621, 1
49624, 1
49631, 1
49633, 1
49635, 4
49637, 1
49639, 1
49642, 1
49653, 1
49654, 1
49656, 1
49662, 2
49663, 1
49675, 1
49679, 1
49682, 2
49685, 1
49687, 2
49691, 1
49694, 1
49699, 1
49704, 1
49706, 2
49709, 1
49711, 1
49712, 2
49719, 1
49720, 1
49722, 1
49723, 1
49725, 1
49730, 1
49739, 1
49741, 1
49744, 1
49756, 2
49757, 1
49758, 1
49760, 1
49763, 1
49766, 1
49770, 1
49771, 1
49774, 1
49775, 1
49777, 2
49779, 1
49780, 1
49781, 1
49782, 1
49785, 1
49791, 1
49792, 1
49795, 1
49797, 2
49813, 1
49820, 1
49821, 1
49823, 1
49824, 1
49825, 1
49829, 2
49830, 1
49832, 1
49849, 1
49850, 1
49853, 1
49858, 1
49862, 1
49872, 1
49875, 1
49876, 1
49881, 1
49884, 1
49886, 1
49887, 1
49889, 1
49894, 1
49898, 1
49899, 1
49902, 1
49905, 1
49907, 1
49908, 1
49909, 1
49910, 1
49916, 1
49921, 1
49922, 1
49924, 1
49926, 2
49931, 1
49934, 1
49940, 1
49952, 1
49956, 1
49958, 1
49960, 1
49961, 1
49965, 1
49967, 2
49970, 1
49971, 2
49975, 1
49976, 1
49980, 1
49982, 2
49984, 1
49989, 1
49990, 1
49991, 1
49993, 2
49995, 1
50002, 1
50003, 1
50009, 1
50011, 1
50018, 1
50020, 1
50021, 1
50022, 1
50025, 1
50026, 2
50029, 1
50031, 1
50032, 1
50034, 2
50038, 2
50042, 2
50046, 2
50049, 2
50051, 1
50052, 1
50057, 2
50058, 1
50060, 4
50063, 1
50065, 1
50066, 1
50068, 1
50073, 1
50079, 1
50087, 1
50089, 1
50098, 1
50099, 1
50101, 1
50102, 1
50104, 1
50109, 1
50110, 1
50115, 1
50117, 1
50118, 1
50125, 1
50126, 1
50130, 1
50131, 1
50136, 1
50142, 1
50143, 1
50145, 2
50147, 1
50149, 1
50151, 2
50154, 1
50161, 1
50162, 1
50163, 1
50165, 1
50168, 1
50170, 1
50176, 1
50190, 1
50191, 1
50192, 1
50194, 1
50195, 1
50197, 1
50202, 1
50205, 1
50206, 1
50208, 1
50211, 1
50227, 1
50228, 1
50232, 1
50238, 1
50244, 2
50246, 1
50249, 1
50254, 4
50261, 1
50262, 1
50263, 1
50264, 1
50266, 1
50268, 2
50272, 1
50275, 1
50280, 1
50281, 1
50285, 1
50288, 1
50290, 1
50291, 1
50292, 2
50296, 1
50299, 1
50300, 1
50302, 1
50305, 1
50306, 2
50310, 1
50311, 1
50318, 2
50320, 1
50322, 1
50323, 1
50324, 1
50327, 1
50329, 1
50330, 2
50333, 1
50339, 2
50344, 1
50345, 1
50347, 1
50348, 1
50349, 3
50350, 1
50351, 1
50355, 1
50356, 1
50359, 1
50360, 1
50363, 1
50365, 1
50366, 2
50371, 1
50374, 1
50375, 1
50379, 2
50385, 1
50386, 1
50393, 1
50398, 1
50399, 1
50400, 1
50402, 3
50406, 1
50407, 1
50408, 1
50409, 1
50413, 2
50415, 1
50416, 1
50418, 1
50420, 1
50425, 1
50427, 2
50429, 1
50431, 1
50432, 1
50433, 2
50434, 1
50435, 2
50436, 1
50437, 1
50446, 2
50447, 1
50451, 1
50453, 1
50454, 1
50456, 1
50460, 1
50462, 1
50465, 2
50472, 2
50474, 1
50477, 1
50479, 2
50480, 1
50485, 1
50486, 1
50489, 1
50496, 1
50497, 1
50499, 1
50500, 1
50503, 1
50509, 1
50510, 1
50512, 1
50519, 1
50521, 1
50527, 2
50528, 2
50529, 1
50533, 2
50534, 1
50535, 2
50537, 1
50540, 1
50544, 1
50546, 1
50548, 2
50549, 1
50550, 1
50553, 1
50556, 1
50559, 1
50560, 1
50561, 1
50562, 1
50564, 1
50567, 1
50570, 1
50571, 1
50574, 2
50580, 1
50581, 1
50583, 1
50590, 1
50591, 1
50592, 1
50593, 1
50594, 1
50595, 1
50597, 1
50599, 1
50600, 1
50602, 1
50603, 2
50606, 1
50607, 1
50608, 1
50609, 1
50612, 1
50613, 2
50617, 1
50618, 1
50620, 1
50624, 1
50626, 1
50627, 1
50630, 2
50634, 1
50644, 1
50646, 1
50647, 1
50650, 1
50654, 1
50657, 2
50659, 1
50661, 2
50662, 1
50665, 1
50668, 1
50670, 1
50672, 2
50673, 1
50674, 2
50682, 1
50690, 1
50703, 2
50704, 1
50705, 1
50707, 2
50709, 2
50710, 1
50712, 1
50713, 1
50714, 1
50715, 1
50718, 3
50719, 1
50722, 1
50724, 1
50725, 1
50726, 1
50730, 1
50731, 1
50733, 2
50734, 1
50740, 1
50741, 1
50743, 2
50745, 1
50753, 1
50754, 1
50758, 1
50759, 1
50764, 1
50765, 1
50767, 1
50768, 1
50772, 1
50776, 2
50777, 2
50779, 1
50780, 1
50781, 1
50785, 1
50786, 1
50788, 1
50789, 1
50791, 1
50798, 1
50799, 1
50802, 1
50805, 1
50810, 1
50814, 2
50819, 1
50824, 1
50829, 1
50831, 1
50833, 2
50835, 1
50838, 2
50839, 3
50843, 1
50847, 1
50851, 1
50857, 1
50860, 1
50862, 1
50864, 1
50867, 1
50869, 2
50870, 1
50874, 1
50879, 2
50884, 1
50886, 1
50888, 1
50894, 2
50901, 2
50902, 1
50907, 1
50909, 1
50910, 1
50913, 1
50916, 2
50919, 1
50921, 1
50927, 1
50931, 1
50943, 3
50944, 1
50945, 1
50950, 1
50951, 1
50954, 1
50957, 1
50961, 1
50964, 1
50968, 1
50970, 1
50973, 1
50974, 1
50976, 1
50979, 2
50981, 1
50983, 2
50984, 2
50991, 1
50993, 1
50994, 2
50997, 1
50998, 1
50999, 1
51001, 1
51002, 1
51006, 1
51011, 1
51017, 1
51020, 1
51023, 1
51024, 1
51025, 1
51029, 1
51034, 1
51035, 1
51036, 1
51037, 1
51039, 1
51042, 1
51043, 1
51045, 1
51048, 2
51049, 1
51054, 1
51058, 1
51060, 1
51061, 1
51062, 1
51063, 1
51066, 1
51069, 1
51074, 1
51077, 1
51078, 1
51082, 2
51083, 1
51084, 2
51085, 1
51087, 2
51095, 1
51096, 1
51099, 1
51101, 1
51106, 1
51107, 1
51108, 1
51109, 1
51110, 3
51112, 1
51113, 1
51116, 1
51118, 1
51121, 1
51123, 1
51125, 1
51127, 1
51131, 1
51132, 2
51135, 1
51138, 2
51140, 1
51141, 1
51144, 1
51145, 1
51146, 2
51147, 1
51148, 3
51151, 2
51155, 1
51157, 1
51161, 1
51162, 1
51163, 1
51167, 1
51170, 1
51172, 2
51175, 1
51177, 1
51181, 1
51185, 2
51189, 1
51191, 1
51192, 1
51193, 1
51194, 1
51196, 1
51199, 1
51201, 1
51202, 1
51203, 2
51213, 1
51216, 2
51220, 1
51221, 1
51224, 1
51226, 1
51228, 1
51232, 1
51235, 1
51236, 1
51237, 2
51240, 1
51241, 1
51245, 1
51246, 1
51254, 1
51257, 2
51262, 1
51263, 1
51267, 1
51268, 1
51273, 1
51274, 1
51276, 1
51277, 2
51278, 3
51283, 2
51287, 2
51289, 1
51291, 2
51294, 2
51295, 1
51297, 1
51302, 1
51303, 1
51305, 1
51309, 1
51310, 2
51311, 1
51316, 1
51317, 1
51320, 1
51322, 2
51324, 1
51326, 1
51327, 1
51328, 1
51331, 1
51332, 1
51333, 1
51337, 3
51340, 1
51341, 1
51346, 2
51356, 2
51362, 1
51365, 2
51366, 1
51367, 1
51370, 1
51371, 1
51373, 1
51374, 1
51376, 2
51379, 2
51380, 1
51381, 1
51382, 1
51385, 2
51388, 1
51398, 1
51401, 1
51413, 1
51414, 1
51418, 2
51419, 1
51422, 1
51423, 2
51425, 1
51428, 1
51430, 1
51432, 1
51434, 1
51435, 2
51436, 1
51437, 1
51438, 1
51440, 1
51446, 1
51450, 1
51452, 2
51453, 1
51455, 2
51457, 1
51458, 2
51461, 1
51462, 1
51470, 1
51471, 1
51479, 1
51483, 1
51486, 2
51487, 4
51489, 1
51490, 1
51491, 1
51492, 1
51493, 1
51494, 1
51499, 2
51502, 1
51504, 2
51505, 1
51507, 1
51509, 2
51510, 2
51512, 1
51513, 1
51515, 1
51520, 2
51526, 1
51527, 1
51529, 1
51539, 1
51541, 1
51542, 1
51544, 1
51545, 1
51546, 1
51550, 2
51553, 1
51555, 2
51556, 1
51561, 1
51562, 1
51565, 1
51567, 1
51570, 1
51574, 2
51578, 1
51580, 1
51582, 2
51584, 1
51586, 1
51589, 2
51590, 1
51592, 1
51593, 2
51595, 1
51599, 3
51603, 1
51605, 1
51606, 1
51613, 1
51616, 2
51621, 1
51623, 1
51625, 2
51626, 1
51635, 1
51637, 1
51638, 3
51639, 1
51640, 1
51644, 1
51645, 1
51648, 1
51649, 1
51652, 1
51657, 2
51660, 1
51661, 2
51665, 1
51668, 1
51671, 1
51672, 1
51673, 1
51676, 1
51677, 1
51687, 1
51692, 1
51693, 2
51697, 1
51698, 1
51700, 1
51702, 1
51709, 1
51710, 1
51711, 1
51712, 1
51713, 1
51716, 1
51720, 1
51723, 1
51724, 1
51725, 1
51729, 1
51730, 1
51731, 1
51734, 1
51735, 1
51736, 1
51743, 1
51745, 1
51747, 1
51748, 1
51751, 1
51758, 1
51759, 1
51766, 1
51771, 1
51774, 1
51776, 1
51784, 1
51785, 2
51788, 2
51790, 3
51793, 1
51801, 2
51803, 1
51807, 1
51810, 1
51812, 1
51814, 1
51815, 2
51818, 2
51821, 1
51822, 1
51823, 2
51825, 1
51829, 1
51831, 1
51832, 1
51833, 1
51836, 2
51840, 1
51841, 2
51844, 1
51847, 2
51851, 1
51856, 2
51857, 1
51858, 1
51861, 1
51862, 1
51866, 2
51868, 1
51873, 1
51874, 1
51876, 2
51881, 2
51884, 1
51885, 2
51887, 1
51888, 1
51890, 2
51892, 1
51896, 1
51897, 2
51900, 2
51909, 1
51911, 2
51914, 1
51915, 1
51917, 1
51918, 1
51921, 1
51922, 3
51924, 1
51925, 1
51928, 2
51932, 1
51933, 1
51936, 1
51939, 1
51940, 1
51941, 1
51942, 1
51943, 1
51944, 2
51946, 1
51947, 1
51950, 1
51951, 1
51953, 2
51957, 1
51958, 1
51959, 1
51964, 1
51965, 4
51969, 1
51970, 2
51972, 1
51973, 1
51979, 1
51980, 2
51986, 1
51987, 1
51991, 1
51994, 1
51995, 3
51999, 1
52003, 1
52004, 2
52006, 1
52014, 2
52018, 2
52019, 1
52022, 1
52023, 1
52027, 2
52029, 1
52030, 1
52031, 1
52035, 2
52042, 1
52052, 1
52054, 1
52059, 1
52061, 3
52065, 1
52073, 1
52080, 1
52081, 1
52083, 1
52095, 1
52097, 1
52102, 2
52108, 1
52112, 1
52115, 1
52117, 1
52118, 2
52119, 1
52120, 1
52121, 1
52125, 1
52127, 1
52128, 1
52132, 1
52135, 1
52136, 1
52140, 3
52141, 1
52144, 1
52145, 1
52147, 2
52149, 1
52153, 1
52154, 1
52156, 1
52160, 1
52161, 1
52163, 1
52166, 1
52168, 2
52170, 1
52174, 1
52175, 3
52177, 2
52178, 1
52181, 1
52183, 2
52184, 1
52186, 2
52187, 1
52192, 1
52193, 1
52194, 1
52201, 1
52203, 1
52204, 1
52206, 1
52208, 2
52210, 1
52211, 1
52213, 1
52217, 1
52219, 1
52221, 1
52223, 1
52232, 1
52233, 1
52235, 1
52236, 1
52238, 1
52239, 2
52241, 1
52242, 2
52243, 1
52245, 2
52246, 1
52247, 1
52249, 3
52250, 1
52256, 3
52258, 1
52259, 1
52262, 3
52265, 1
52266, 1
52267, 1
52268, 1
52272, 2
52277, 2
52280, 1
52283, 1
52284, 1
52286, 1
52288, 2
52291, 2
52293, 1
52295, 1
52296, 2
52298, 1
52300, 1
52302, 1
52306, 3
52311, 1
52312, 1
52315, 2
52316, 1
52317, 1
52318, 1
52323, 1
52326, 2
52331, 1
52332, 1
52333, 1
52335, 1
52336, 1
52343, 1
52346, 1
52348, 1
52349, 1
52350, 1
52351, 1
52352, 1
52354, 1
52359, 1
52360, 1
52365, 1
52368, 1
52370, 2
52373, 1
52375, 1
52377, 1
52379, 1
52386, 1
52391, 1
52393, 2
52394, 1
52397, 2
52403, 1
52406, 2
52409, 1
52410, 2
52411, 2
52419, 1
52421, 1
52424, 1
52425, 1
52427, 1
52436, 1
52439, 1
52443, 1
52444, 1
52445, 2
52446, 1
52448, 3
52454, 1
52459, 1
52462, 2
52468, 1
52475, 1
52476, 2
52477, 1
52479, 1
52481, 1
52487, 1
52489, 1
52494, 1
52495, 1
52502, 1
52505, 2
52506, 2
52508, 2
52510, 2
52513, 1
52515, 1
52519, 1
52522, 1
52527, 1
52531, 2
52533, 2
52537, 1
52538, 1
52541, 1
52548, 1
52549, 1
52551, 1
52556, 1
52559, 1
52560, 2
52562, 1
52563, 1
52567, 1
52568, 1
52569, 1
52572, 2
52573, 1
52574, 2
52575, 1
52576, 1
52579, 2
52584, 1
52588, 2
52589, 1
52590, 2
52592, 1
52593, 1
52598, 1
52604, 1
52605, 1
52607, 2
52609, 1
52610, 1
52611, 1
52613, 1
52614, 1
52615, 1
52617, 1
52618, 1
52623, 1
52633, 1
52634, 1
52635, 1
52638, 1
52640, 1
52641, 1
52642, 1
52644, 1
52649, 2
52651, 1
52652, 1
52653, 1
52655, 2
52660, 1
52662, 1
52663, 1
52665, 1
52670, 1
52671, 1
52674, 1
52675, 1
52676, 1
52677, 1
52679, 1
52681, 1
52686, 1
52691, 1
52694, 1
52697, 1
52701, 1
52709, 1
52716, 1
52722, 1
52723, 1
52725, 1
52726, 1
52730, 2
52734, 1
52738, 1
52739, 1
52740, 1
52742, 2
52743, 1
52746, 2
52748, 1
52749, 1
52752, 1
52760, 1
52761, 1
52762, 1
52763, 1
52765, 1
52766, 2
52769, 2
52776, 1
52781, 1
52783, 2
52785, 1
52794, 1
52795, 1
52801, 1
52808, 2
52809, 1
52815, 1
52818, 1
52826, 1
52830, 1
52833, 1
52837, 1
52843, 2
52846, 1
52847, 1
52851, 1
52855, 1
52857, 1
52860, 1
52865, 1
52866, 2
52868, 1
52869, 1
52871, 1
52872, 1
52875, 1
52876, 1
52880, 1
52882, 1
52885, 2
52886, 1
52894, 1
52895, 1
52897, 1
52900, 2
52902, 1
52903, 1
52904, 1
52905, 1
52906, 1
52907, 1
52908, 1
52909, 1
52910, 1
52911, 1
52913, 1
52914, 1
52915, 3
52918, 1
52921, 1
52923, 1
52926, 2
52928, 1
52929, 1
52930, 1
52937, 1
52942, 1
52943, 1
52944, 1
52945, 1
52946, 1
52948, 2
52950, 1
52953, 1
52954, 2
52955, 1
52957, 2
52961, 1
52962, 1
52963, 2
52964, 1
52967, 2
52969, 1
52973, 1
52975, 2
52978, 1
52979, 1
52980, 1
52981, 1
52984, 1
52985, 2
52986, 1
52987, 1
52991, 1
52994, 2
52995, 1
52999, 1
53000, 1
53003, 1
53005, 1
53008, 1
53013, 1
53017, 1
53019, 1
53021, 2
53022, 2
53023, 2
53024, 2
53032, 1
53034, 2
53035, 2
53036, 1
53041, 2
53042, 1
53043, 2
53045, 2
53048, 2
53049, 1
53050, 1
53051, 1
53057, 1
53058, 1
53059, 1
53062, 1
53063, 1
53064, 2
53065, 1
53067, 1
53069, 1
53074, 1
53077, 1
53081, 2
53082, 2
53089, 1
53093, 1
53096, 1
53100, 1
53112, 2
53113, 1
53114, 1
53120, 2
53121, 1
53124, 1
53125, 1
53130, 1
53133, 2
53135, 2
53137, 1
53141, 1
53142, 1
53147, 1
53148, 1
53151, 2
53152, 1
53154, 2
53155, 1
53156, 3
53157, 1
53158, 1
53159, 1
53160, 1
53164, 1
53166, 1
53168, 2
53169, 1
53171, 1
53173, 1
53177, 1
53180, 2
53187, 1
53189, 2
53191, 1
53192, 1
53193, 1
53195, 2
53200, 1
53202, 2
53203, 1
53204, 1
53205, 1
53206, 1
53208, 1
53211, 1
53212, 1
53214, 1
53225, 1
53227, 1
53230, 1
53235, 1
53236, 1
53238, 1
53240, 1
53241, 1
53242, 1
53248, 2
53264, 1
53265, 1
53266, 1
53267, 2
53275, 1
53276, 1
53279, 1
53288, 1
53295, 1
53296, 1
53297, 1
53299, 3
53308, 1
53309, 1
53310, 1
53312, 1
53313, 1
53315, 1
53316, 1
53317, 1
53327, 1
53333, 2
53335, 1
53336, 2
53353, 2
53355, 1
53358, 1
53360, 1
53363, 1
53365, 1
53366, 1
53369, 2
53372, 1
53374, 2
53376, 1
53377, 1
53379, 2
53386, 3
53389, 1
53393, 1
53394, 1
53395, 1
53396, 1
53400, 1
53402, 1
53405, 1
53409, 1
53411, 1
53412, 1
53413, 3
53415, 1
53418, 1
53422, 1
53423, 1
53424, 1
53428, 1
53431, 1
53438, 1
53439, 4
53440, 1
53441, 2
53443, 1
53447, 1
53448, 1
53449, 2
53453, 1
53455, 1
53459, 1
53462, 2
53465, 2
53466, 1
53467, 2
53474, 1
53475, 1
53476, 2
53479, 1
53482, 1
53483, 1
53484, 1
53489, 2
53490, 1
53491, 1
53497, 2
53499, 1
53502, 1
53503, 1
53504, 1
53508, 1
53510, 2
53511, 1
53512, 1
53514, 1
53515, 1
53517, 1
53518, 1
53519, 1
53523, 1
53528, 1
53532, 1
53533, 1
53535, 1
53540, 1
53544, 2
53546, 2
53548, 1
53549, 1
53551, 1
53553, 1
53559, 1
53561, 1
53562, 2
53563, 1
53564, 1
53565, 1
53566, 2
53570, 1
53572, 1
53573, 1
53574, 1
53578, 1
53579, 2
53585, 1
53586, 3
53587, 1
53588, 1
53590, 1
53591, 2
53592, 1
53595, 1
53597, 1
53598, 1
53599, 1
53600, 1
53601, 2
53603, 1
53607, 1
53609, 1
53614, 1
53616, 1
53617, 1
53618, 1
53620, 1
53621, 1
53626, 1
53628, 2
53632, 1
53634, 1
53635, 1
53636, 1
53637, 1
53639, 1
53642, 1
53645, 1
53649, 1
53650, 2
53652, 1
53653, 2
53654, 1
53656, 1
53657, 1
53658, 1
53659, 2
53663, 1
53664, 2
53665, 1
53666, 2
53667, 1
53668, 1
53669, 1
53671, 1
53674, 1
53675, 2
53676, 1
53678, 1
53681, 1
53682, 1
53684, 1
53685, 1
53692, 1
53693, 1
53694, 1
53698, 1
53700, 1
53713, 2
53715, 1
53719, 2
53721, 2
53722, 1
53724, 1
53727, 1
53730, 1
53733, 1
53736, 1
53741, 1
53742, 1
53744, 1
53747, 1
53748, 1
53759, 1
53761, 1
53766, 1
53770, 1
53771, 1
53773, 1
53776, 1
53777, 1
53779, 1
53780, 1
53785, 1
53787, 2
53788, 1
53793, 2
53795, 1
53797, 2
53798, 1
53802, 2
53806, 1
53807, 1
53809, 1
53811, 1
53812, 1
53814, 1
53817, 1
53821, 1
53822, 1
53823, 1
53827, 1
53828, 2
53829, 2
53830, 1
53834, 1
53835, 1
53836, 1
53839, 1
53840, 1
53845, 1
53846, 2
53847, 1
53848, 1
53852, 1
53853, 1
53854, 1
53855, 1
53856, 2
53857, 2
53861, 3
53862, 1
53863, 1
53866, 1
53867, 1
53868, 1
53869, 1
53874, 1
53875, 1
53878, 1
53879, 2
53887, 1
53894, 1
53897, 3
53900, 1
53905, 1
53907, 1
53910, 1
53911, 1
53918, 1
53920, 1
53921, 2
53922, 1
53923, 1
53924, 2
53925, 1
53933, 2
53935, 3
53937, 1
53943, 2
53948, 1
53960, 1
53961, 1
53963, 1
53964, 2
53967, 3
53970, 1
53972, 1
53973, 2
53979, 1
53980, 1
53990, 1
53994, 3
53995, 2
53996, 1
53998, 1
54002, 1
54003, 1
54005, 1
54008, 1
54009, 1
54011, 1
54012, 1
54013, 1
54014, 2
54019, 1
54020, 2
54022, 1
54025, 1
54026, 1
54028, 1
54031, 1
54033, 1
54042, 1
54044, 1
54046, 1
54048, 1
54054, 1
54059, 3
54060, 1
54065, 1
54068, 2
54072, 1
54075, 2
54079, 2
54080, 1
54081, 1
54082, 1
54083, 2
54084, 1
54089, 1
54096, 1
54097, 1
54100, 1
54101, 1
54102, 1
54104, 1
54105, 1
54107, 1
54108, 1
54111, 1
54113, 1
54115, 1
54118, 2
54120, 1
54122, 1
54125, 1
54127, 1
54129, 1
54130, 1
54131, 1
54135, 1
54138, 1
54140, 1
54143, 1
54145, 1
54149, 1
54151, 1
54153, 2
54157, 2
54159, 1
54160, 1
54162, 2
54163, 1
54164, 1
54170, 2
54174, 1
54175, 1
54177, 1
54183, 1
54195, 2
54199, 1
54201, 1
54203, 1
54208, 1
54209, 2
54213, 1
54216, 1
54220, 1
54221, 1
54225, 1
54227, 1
54235, 1
54238, 1
54241, 1
54245, 1
54246, 2
54247, 1
54249, 2
54250, 1
54252, 1
54253, 1
54257, 1
54260, 3
54262, 1
54263, 2
54264, 2
54266, 1
54271, 2
54273, 2
54275, 1
54276, 1
54280, 2
54282, 1
54287, 2
54288, 1
54290, 1
54292, 1
54294, 1
54297, 1
54298, 2
54299, 1
54300, 2
54301, 1
54302, 1
54303, 1
54308, 2
54309, 1
54310, 1
54313, 1
54321, 1
54322, 1
54324, 2
54326, 1
54327, 1
54328, 2
54332, 2
54335, 5
54336, 1
54339, 1
54343, 1
54344, 1
54352, 1
54358, 1
54359, 2
54364, 1
54365, 1
54367, 1
54369, 1
54370, 2
54371, 2
54377, 1
54378, 1
54385, 1
54388, 1
54389, 1
54392, 1
54394, 1
54397, 1
54400, 1
54403, 1
54408, 2
54409, 2
54410, 2
54412, 2
54414, 1
54416, 1
54417, 1
54418, 2
54424, 1
54426, 1
54427, 1
54429, 2
54430, 1
54431, 1
54432, 1
54433, 2
54438, 1
54439, 1
54440, 1
54443, 2
54444, 1
54447, 1
54448, 1
54451, 1
54452, 1
54456, 1
54457, 2
54459, 1
54460, 1
54462, 1
54466, 3
54467, 2
54468, 2
54472, 1
54473, 1
54474, 1
54478, 2
54480, 1
54481, 1
54485, 1
54488, 1
54496, 1
54497, 1
54498, 1
54505, 1
54506, 2
54507, 2
54508, 1
54510, 1
54511, 1
54513, 1
54520, 1
54523, 1
54525, 1
54528, 3
54529, 3
54530, 1
54533, 1
54534, 1
54535, 2
54536, 1
54543, 2
54544, 1
54545, 2
54546, 1
54548, 3
54549, 4
54552, 1
54553, 2
54555, 2
54560, 2
54561, 1
54565, 1
54568, 1
54570, 1
54574, 2
54575, 1
54577, 1
54579, 2
54584, 1
54588, 1
54590, 1
54593, 1
54596, 1
54597, 1
54598, 1
54602, 2
54608, 1
54611, 1
54614, 1
54617, 1
54624, 1
54626, 2
54627, 3
54628, 1
54629, 1
54630, 1
54632, 2
54633, 1
54637, 1
54641, 1
54643, 3
54644, 1
54645, 3
54647, 2
54651, 1
54655, 1
54657, 1
54659, 1
54660, 2
54665, 1
54666, 1
54671, 1
54674, 1
54675, 2
54676, 2
54677, 2
54682, 2
54683, 1
54685, 1
54686, 2
54687, 1
54692, 1
54693, 1
54697, 2
54701, 1
54706, 1
54708, 1
54709, 2
54713, 2
54717, 1
54719, 2
54720, 2
54721, 1
54722, 2
54725, 1
54729, 1
54730, 3
54731, 1
54732, 1
54733, 1
54734, 2
54735, 1
54738, 1
54743, 1
54747, 1
54753, 2
54757, 1
54762, 1
54765, 1
54767, 2
54768, 1
54772, 1
54774, 3
54776, 1
54777, 2
54783, 2
54787, 3
54790, 2
54793, 1
54794, 1
54796, 1
54802, 1
54804, 3
54805, 2
54808, 1
54809, 1
54812, 1
54818, 1
54820, 1
54827, 2
54831, 1
54832, 1
54833, 1
54835, 2
54836, 1
54839, 1
54845, 1
54846, 1
54847, 1
54848, 2
54850, 1
54851, 1
54852, 1
54854, 2
54858, 1
54859, 2
54863, 1
54864, 3
54865, 2
54867, 1
54873, 1
54874, 1
54879, 2
54881, 1
54883, 1
54885, 3
54886, 1
54887, 1
54889, 1
54890, 1
54891, 2
54892, 1
54895, 1
54897, 1
54898, 1
54900, 1
54901, 1
54904, 1
54905, 1
54906, 1
54908, 1
54910, 1
54912, 1
54914, 1
54916, 1
54922, 1
54925, 1
54926, 2
54936, 1
54940, 1
54941, 2
54944, 1
54945, 1
54946, 1
54947, 2
54949, 2
54950, 1
54952, 1
54956, 1
54959, 1
54961, 1
54963, 1
54964, 3
54965, 1
54967, 1
54968, 1
54973, 1
54975, 1
54976, 1
54977, 1
54981, 2
54983, 1
54985, 2
54986, 1
54992, 1
54994, 1
54997, 1
55002, 1
55004, 1
55006, 1
55007, 3
55010, 1
55011, 1
55013, 1
55015, 2
55017, 1
55020, 1
55025, 1
55026, 1
55027, 2
55028, 1
55030, 1
55034, 1
55036, 1
55038, 1
55041, 1
55043, 3
55045, 1
55050, 1
55051, 1
55052, 1
55053, 1
55054, 2
55056, 2
55057, 2
55059, 1
55060, 2
55061, 2
55062, 1
55063, 1
55064, 2
55066, 1
55072, 1
55074, 2
55077, 1
55078, 1
55079, 2
55080, 1
55082, 1
55083, 1
55084, 1
55085, 3
55086, 1
55087, 1
55093, 1
55096, 2
55099, 1
55100, 1
55103, 1
55104, 2
55106, 1
55107, 1
55108, 1
55111, 1
55113, 2
55115, 2
55116, 2
55119, 2
55120, 1
55122, 2
55124, 1
55127, 3
55129, 1
55132, 1
55133, 2
55136, 2
55137, 2
55138, 1
55139, 1
55140, 1
55142, 1
55143, 1
55148, 1
55154, 1
55156, 1
55157, 1
55158, 2
55160, 2
55166, 1
55169, 1
55171, 1
55172, 1
55173, 4
55175, 1
55177, 1
55178, 1
55181, 1
55182, 1
55183, 2
55186, 2
55188, 1
55192, 1
55194, 1
55195, 1
55198, 1
55200, 1
55202, 1
55203, 2
55205, 2
55206, 1
55207, 1
55208, 1
55209, 2
55211, 1
55212, 1
55213, 1
55215, 1
55217, 1
55218, 2
55219, 2
55222, 1
55223, 1
55224, 1
55225, 1
55232, 1
55233, 1
55234, 1
55236, 1
55237, 1
55238, 1
55239, 1
55241, 1
55245, 1
55248, 1
55256, 1
55257, 1
55258, 1
55260, 1
55261, 1
55264, 1
55266, 2
55269, 1
55273, 2
55274, 1
55275, 1
55278, 2
55280, 1
55281, 1
55283, 1
55284, 1
55290, 1
55295, 2
55296, 1
55297, 2
55298, 1
55301, 1
55304, 2
55306, 2
55308, 1
55312, 1
55316, 5
55318, 1
55322, 1
55325, 1
55327, 1
55329, 1
55334, 2
55335, 1
55341, 1
55342, 1
55343, 2
55346, 2
55347, 1
55348, 2
55352, 2
55353, 2
55354, 1
55355, 6
55356, 1
55358, 2
55360, 1
55361, 2
55365, 1
55372, 1
55373, 1
55374, 2
55376, 1
55377, 1
55378, 1
55379, 1
55380, 1
55381, 2
55382, 1
55384, 1
55386, 2
55388, 1
55389, 2
55392, 1
55399, 2
55402, 1
55403, 1
55412, 3
55414, 1
55424, 2
55425, 1
55430, 3
55434, 2
55435, 1
55436, 1
55437, 1
55440, 2
55441, 1
55442, 2
55449, 1
55453, 2
55455, 1
55456, 1
55457, 1
55462, 1
55463, 1
55464, 1
55467, 1
55472, 2
55474, 2
55475, 1
55476, 3
55478, 1
55480, 1
55482, 2
55484, 1
55486, 1
55490, 1
55493, 1
55496, 1
55502, 2
55504, 2
55508, 1
55514, 2
55516, 1
55517, 1
55518, 1
55521, 2
55523, 1
55526, 1
55527, 2
55530, 1
55533, 1
55536, 3
55538, 1
55539, 1
55542, 1
55545, 1
55546, 1
55547, 1
55549, 1
55553, 1
55554, 2
55555, 1
55557, 1
55558, 1
55559, 3
55563, 1
55564, 1
55566, 2
55568, 1
55570, 2
55573, 1
55574, 1
55575, 1
55578, 2
55579, 1
55580, 1
55581, 1
55583, 1
55587, 3
55589, 1
55591, 1
55596, 1
55601, 2
55602, 1
55604, 1
55605, 1
55606, 1
55608, 1
55610, 1
55615, 1
55617, 2
55623, 1
55626, 1
55628, 1
55631, 2
55632, 1
55633, 1
55635, 1
55637, 1
55638, 1
55642, 1
55647, 1
55648, 1
55649, 2
55651, 1
55653, 2
55655, 1
55658, 1
55659, 1
55662, 3
55664, 2
55665, 2
55666, 1
55667, 1
55668, 2
55671, 1
55673, 1
55676, 1
55679, 2
55680, 1
55681, 1
55682, 1
55686, 2
55687, 2
55688, 1
55689, 1
55690, 3
55695, 1
55700, 1
55702, 1
55708, 1
55709, 1
55710, 1
55712, 1
55714, 1
55715, 1
55718, 1
55719, 3
55720, 1
55723, 1
55728, 1
55731, 1
55735, 1
55736, 1
55738, 2
55741, 1
55742, 1
55743, 1
55750, 1
55756, 1
55757, 1
55758, 1
55759, 1
55760, 1
55761, 1
55764, 1
55765, 1
55767, 2
55772, 2
55774, 2
55777, 1
55778, 1
55779, 2
55783, 2
55785, 1
55790, 1
55796, 1
55797, 1
55799, 1
55800, 1
55801, 3
55804, 1
55805, 1
55807, 1
55810, 1
55813, 2
55815, 2
55816, 1
55821, 2
55827, 1
55829, 1
55830, 1
55835, 1
55838, 1
55839, 1
55841, 2
55847, 2
55849, 2
55851, 1
55855, 2
55857, 1
55862, 1
55863, 1
55865, 1
55868, 1
55872, 1
55874, 1
55878, 1
55880, 1
55881, 3
55884, 1
55886, 1
55888, 1
55889, 1
55892, 2
55893, 1
55895, 2
55896, 2
55900, 1
55901, 1
55902, 1
55903, 1
55904, 1
55906, 1
55909, 1
55911, 2
55912, 1
55913, 1
55916, 1
55921, 2
55923, 1
55924, 1
55925, 1
55928, 4
55929, 1
55932, 1
55934, 1
55935, 1
55936, 1
55938, 2
55939, 1
55940, 1
55942, 1
55945, 1
55951, 1
55953, 1
55955, 1
55961, 1
55962, 1
55963, 3
55972, 1
55974, 2
55976, 2
55977, 2
55979, 1
55986, 1
55988, 1
55989, 1
55993, 1
55994, 1
55995, 2
55996, 2
55997, 2
56000, 1
56002, 2
56004, 2
56007, 1
56008, 3
56009, 1
56011, 1
56012, 1
56013, 2
56014, 1
56016, 1
56018, 1
56019, 2
56021, 3
56023, 2
56029, 2
56031, 1
56034, 2
56036, 1
56037, 2
56038, 1
56042, 1
56043, 2
56044, 2
56045, 1
56047, 1
56048, 1
56051, 1
56053, 1
56054, 1
56056, 1
56058, 2
56059, 1
56062, 1
56063, 1
56070, 1
56074, 1
56076, 3
56078, 2
56079, 1
56081, 1
56082, 1
56083, 1
56085, 1
56086, 1
56087, 1
56088, 1
56091, 1
56093, 1
56097, 1
56100, 2
56103, 1
56105, 1
56106, 1
56107, 2
56108, 1
56112, 1
56113, 1
56117, 1
56119, 1
56121, 2
56123, 2
56124, 2
56126, 1
56131, 2
56134, 2
56135, 1
56136, 1
56137, 1
56142, 2
56145, 1
56148, 2
56151, 1
56154, 2
56156, 1
56159, 1
56161, 2
56164, 1
56166, 2
56167, 1
56170, 1
56174, 1
56175, 1
56177, 1
56178, 1
56179, 1
56181, 1
56184, 1
56185, 2
56186, 3
56187, 1
56188, 1
56190, 1
56193, 1
56198, 1
56201, 1
56203, 1
56209, 1
56210, 1
56215, 1
56216, 2
56221, 1
56223, 1
56224, 1
56225, 1
56229, 1
56233, 1
56235, 1
56238, 2
56240, 1
56242, 2
56243, 1
56245, 1
56246, 1
56247, 1
56250, 1
56255, 2
56259, 1
56262, 1
56264, 2
56268, 1
56270, 1
56272, 1
56275, 1
56279, 1
56280, 1
56281, 2
56283, 2
56285, 1
56288, 1
56289, 1
56291, 1
56301, 1
56306, 1
56308, 2
56309, 3
56310, 1
56311, 1
56313, 1
56314, 2
56315, 1
56317, 1
56320, 1
56323, 1
56324, 1
56327, 1
56330, 1
56334, 1
56335, 1
56336, 1
56338, 4
56339, 1
56341, 1
56342, 2
56344, 1
56349, 1
56350, 1
56352, 2
56353, 1
56355, 1
56358, 2
56360, 1
56362, 1
56363, 1
56364, 2
56366, 1
56371, 1
56372, 1
56374, 2
56375, 1
56376, 1
56377, 1
56380, 1
56383, 1
56386, 2
56389, 3
56390, 1
56393, 1
56394, 3
56395, 1
56397, 1
56398, 3
56402, 2
56403, 2
56409, 1
56410, 2
56412, 2
56419, 3
56422, 1
56424, 1
56425, 1
56432, 1
56435, 1
56437, 1
56438, 1
56439, 2
56440, 1
56443, 2
56445, 1
56450, 1
56451, 1
56452, 1
56454, 1
56455, 1
56456, 2
56459, 2
56461, 1
56473, 1
56474, 1
56475, 1
56476, 1
56480, 1
56482, 1
56483, 2
56487, 1
56498, 1
56500, 1
56504, 2
56505, 1
56506, 1
56508, 1
56509, 2
56510, 1
56513, 2
56517, 1
56518, 1
56519, 1
56522, 1
56523, 1
56524, 1
56525, 1
56526, 1
56529, 1
56531, 1
56532, 1
56534, 2
56535, 1
56536, 1
56537, 2
56541, 3
56543, 1
56545, 3
56547, 3
56548, 1
56549, 2
56552, 2
56553, 2
56554, 2
56555, 1
56556, 1
56557, 2
56558, 1
56562, 1
56567, 1
56568, 1
56576, 1
56577, 1
56578, 2
56581, 1
56583, 1
56584, 1
56587, 1
56588, 2
56591, 2
56592, 1
56594, 1
56596, 1
56600, 1
56601, 1
56602, 1
56604, 1
56607, 1
56609, 1
56614, 1
56615, 3
56616, 5
56619, 2
56621, 1
56623, 1
56627, 1
56632, 1
56633, 2
56635, 2
56636, 1
56637, 1
56640, 1
56642, 1
56643, 1
56644, 2
56645, 1
56646, 1
56648, 1
56649, 1
56650, 1
56657, 1
56660, 2
56664, 1
56666, 1
56667, 1
56670, 1
56674, 1
56675, 2
56676, 1
56678, 1
56681, 1
56685, 1
56688, 2
56698, 2
56700, 2
56704, 1
56705, 1
56707, 1
56708, 2
56713, 1
56714, 1
56716, 1
56717, 1
56718, 1
56720, 1
56721, 1
56729, 1
56731, 1
56732, 1
56733, 2
56734, 1
56735, 1
56737, 1
56739, 1
56741, 1
56742, 1
56749, 1
56751, 1
56752, 1
56753, 1
56754, 1
56755, 1
56757, 1
56760, 1
56761, 1
56766, 2
56775, 1
56776, 1
56777, 1
56778, 1
56780, 1
56783, 2
56786, 2
56788, 1
56790, 1
56793, 2
56794, 2
56795, 1
56797, 1
56798, 1
56803, 1
56804, 1
56808, 1
56812, 1
56814, 1
56815, 1
56817, 1
56819, 1
56820, 1
56822, 1
56824, 3
56833, 1
56835, 2
56836, 1
56837, 1
56838, 1
56840, 1
56843, 2
56844, 1
56850, 1
56854, 1
56856, 1
56857, 1
56858, 3
56859, 1
56863, 2
56864, 1
56866, 2
56868, 1
56869, 1
56871, 1
56876, 1
56877, 1
56878, 2
56881, 1
56883, 1
56884, 1
56885, 2
56892, 1
56896, 1
56898, 1
56901, 1
56902, 2
56905, 2
56911, 1
56912, 1
56914, 1
56915, 2
56917, 1
56918, 4
56920, 3
56921, 1
56923, 1
56925, 2
56926, 1
56930, 1
56931, 1
56933, 1
56934, 1
56937, 1
56940, 1
56942, 1
56943, 2
56944, 1
56945, 1
56946, 1
56947, 1
56951, 2
56956, 1
56957, 2
56959, 1
56962, 1
56969, 2
56971, 1
56973, 1
56976, 3
56982, 2
56984, 2
56989, 2
56990, 2
56991, 1
56996, 1
56997, 1
57000, 2
57003, 1
57004, 1
57009, 1
57010, 3
57013, 1
57016, 1
57019, 1
57021, 2
57022, 1
57026, 1
57030, 1
57032, 1
57034, 1
57035, 1
57036, 1
57038, 2
57040, 2
57042, 1
57043, 1
57048, 1
57051, 1
57053, 1
57055, 1
57056, 3
57058, 1
57059, 1
57061, 1
57064, 2
57065, 2
57068, 2
57069, 2
57078, 1
57079, 1
57082, 1
57086, 1
57087, 1
57089, 1
57095, 1
57099, 1
57102, 1
57104, 2
57106, 1
57107, 2
57110, 1
57111, 2
57114, 3
57116, 1
57118, 1
57123, 1
57124, 1
57125, 1
57128, 1
57131, 1
57132, 2
57133, 2
57134, 1
57136, 1
57139, 2
57143, 1
57144, 1
57146, 1
57149, 2
57152, 1
57153, 1
57156, 1
57161, 1
57165, 1
57168, 2
57171, 1
57173, 2
57175, 1
57179, 2
57180, 1
57181, 1
57182, 1
57184, 1
57185, 1
57186, 1
57187, 1
57189, 1
57191, 1
57192, 3
57193, 2
57194, 1
57197, 1
57198, 1
57199, 1
57202, 1
57205, 1
57206, 1
57207, 2
57209, 2
57211, 1
57213, 1
57220, 1
57222, 2
57227, 3
57229, 1
57230, 1
57232, 1
57233, 1
57234, 1
57236, 1
57237, 1
57238, 1
57240, 1
57245, 1
57247, 2
57249, 2
57250, 2
57252, 1
57253, 1
57256, 1
57257, 1
57259, 1
57262, 1
57263, 1
57265, 2
57267, 2
57268, 2
57269, 1
57270, 1
57271, 1
57272, 1
57274, 1
57276, 1
57277, 1
57279, 1
57286, 3
57288, 1
57293, 1
57294, 1
57295, 2
57296, 1
57297, 1
57300, 2
57303, 2
57305, 1
57308, 2
57309, 1
57310, 2
57313, 1
57314, 1
57316, 2
57318, 1
57321, 2
57323, 1
57327, 2
57328, 1
57331, 1
57332, 1
57333, 1
57339, 1
57341, 1
57342, 1
57344, 2
57346, 1
57350, 1
57359, 1
57362, 1
57363, 1
57370, 1
57372, 2
57374, 2
57375, 2
57377, 3
57378, 1
57379, 1
57384, 1
57386, 1
57387, 2
57391, 1
57394, 1
57395, 1
57397, 1
57399, 1
57401, 2
57402, 3
57406, 1
57408, 2
57409, 1
57410, 1
57411, 1
57412, 2
57414, 2
57415, 1
57417, 1
57419, 1
57422, 1
57424, 1
57426, 1
57430, 1
57432, 1
57433, 1
57436, 2
57438, 3
57441, 1
57442, 1
57443, 1
57446, 1
57447, 1
57448, 1
57452, 1
57459, 3
57460, 1
57462, 2
57467, 2
57468, 1
57472, 1
57477, 1
57479, 3
57480, 1
57481, 2
57486, 1
57487, 1
57491, 1
57492, 1
57494, 1
57497, 1
57498, 2
57499, 1
57503, 1
57504, 1
57505, 1
57509, 1
57511, 2
57513, 1
57517, 2
57519, 1
57525, 1
57526, 1
57528, 1
57533, 2
57534, 1
57536, 1
57538, 1
57542, 1
57544, 1
57545, 2
57546, 1
57551, 3
57552, 2
57555, 1
57557, 2
57558, 1
57561, 1
57563, 2
57566, 1
57567, 2
57568, 1
57569, 1
57572, 2
57573, 1
57575, 2
57583, 1
57590, 1
57595, 2
57596, 1
57597, 1
57601, 1
57603, 1
57605, 1
57609, 3
57612, 1
57617, 1
57618, 1
57620, 1
57621, 1
57623, 1
57629, 1
57630, 2
57631, 1
57634, 3
57635, 1
57636, 1
57638, 1
57641, 1
57642, 1
57647, 2
57648, 2
57649, 1
57651, 1
57654, 1
57656, 1
57665, 1
57669, 1
57670, 1
57674, 1
57678, 2
57680, 2
57681, 1
57682, 1
57683, 1
57690, 1
57691, 2
57694, 1
57695, 1
57700, 2
57702, 1
57705, 1
57706, 1
57707, 1
57710, 2
57714, 1
57718, 2
57720, 3
57723, 1
57725, 1
57726, 1
57728, 1
57732, 1
57734, 2
57737, 1
57738, 1
57741, 2
57743, 1
57745, 1
57746, 1
57749, 1
57752, 1
57753, 1
57754, 1
57759, 1
57760, 1
57761, 1
57767, 1
57768, 1
57769, 2
57774, 1
57775, 2
57776, 1
57780, 1
57783, 1
57786, 1
57788, 2
57789, 3
57792, 1
57793, 1
57797, 1
57799, 1
57800, 1
57804, 2
57807, 2
57808, 1
57812, 1
57813, 1
57816, 1
57817, 1
57819, 1
57820, 1
57822, 1
57823, 1
57829, 1
57831, 1
57833, 1
57837, 1
57840, 1
57844, 1
57845, 1
57846, 1
57848, 1
57852, 1
57853, 3
57854, 2
57856, 3
57857, 1
57858, 3
57862, 1
57863, 1
57865, 1
57866, 2
57869, 1
57873, 1
57876, 1
57877, 1
57879, 1
57881, 2
57890, 2
57892, 1
57893, 1
57894, 1
57895, 1
57899, 1
57902, 2
57910, 1
57911, 1
57912, 1
57913, 1
57920, 1
57922, 1
57927, 2
57931, 2
57932, 1
57934, 2
57935, 1
57936, 1
57937, 2
57941, 1
57942, 1
57943, 1
57944, 1
57949, 1
57953, 1
57954, 2
57955, 1
57957, 1
57958, 1
57961, 1
57963, 1
57965, 1
57966, 1
57967, 2
57968, 2
57969, 2
57970, 1
57972, 1
57975, 1
57977, 1
57990, 1
57995, 1
57999, 1
58000, 1
58002, 1
58008, 1
58010, 1
58013, 1
58015, 1
58016, 1
58021, 1
58023, 1
58024, 1
58026, 2
58030, 3
58031, 1
58033, 1
58034, 1
58035, 1
58037, 1
58038, 1
58039, 2
58043, 1
58044, 2
58045, 1
58047, 1
58048, 1
58049, 1
58050, 1
58051, 1
58052, 4
58053, 1
58056, 1
58057, 1
58059, 1
58066, 1
58068, 2
58069, 1
58070, 1
58071, 1
58073, 2
58076, 2
58078, 1
58080, 1
58081, 1
58085, 2
58088, 1
58090, 1
58092, 1
58093, 1
58094, 1
58095, 1
58096, 1
58099, 2
58100, 1
58101, 1
58103, 2
58105, 1
58107, 2
58108, 1
58115, 1
58117, 2
58119, 1
58123, 1
58124, 2
58125, 1
58127, 2
58129, 1
58132, 1
58135, 1
58136, 1
58137, 1
58140, 1
58142, 1
58144, 1
58146, 1
58148, 1
58149, 1
58150, 1
58155, 1
58161, 1
58163, 1
58165, 1
58167, 2
58171, 1
58174, 1
58175, 3
58178, 1
58182, 1
58183, 1
58184, 1
58187, 1
58189, 1
58190, 1
58192, 1
58193, 1
58199, 1
58204, 2
58206, 1
58209, 2
58215, 1
58217, 2
58220, 1
58221, 1
58224, 1
58225, 1
58227, 1
58229, 1
58230, 1
58232, 3
58233, 2
58234, 1
58240, 1
58241, 1
58244, 1
58246, 1
58247, 1
58248, 2
58249, 1
58252, 1
58253, 1
58254, 1
58255, 1
58257, 1
58258, 1
58259, 1
58260, 1
58262, 1
58263, 2
58265, 1
58269, 2
58271, 2
58272, 1
58274, 2
58277, 2
58279, 1
58280, 1
58283, 1
58284, 1
58285, 1
58288, 1
58289, 1
58292, 2
58293, 2
58294, 1
58295, 1
58298, 1
58301, 1
58303, 1
58304, 1
58305, 1
58308, 2
58312, 1
58315, 1
58317, 1
58318, 1
58320, 1
58322, 1
58323, 2
58325, 1
58327, 1
58328, 1
58332, 1
58337, 1
58343, 1
58345, 1
58350, 1
58352, 1
58354, 1
58355, 1
58356, 1
58358, 2
58359, 1
58360, 1
58364, 2
58366, 1
58367, 1
58368, 1
58371, 1
58373, 1
58377, 1
58378, 1
58386, 3
58391, 2
58392, 1
58393, 1
58395, 2
58396, 1
58398, 1
58399, 1
58403, 1
58404, 1
58407, 1
58408, 1
58411, 2
58421, 1
58422, 1
58424, 1
58426, 1
58427, 2
58430, 1
58433, 1
58438, 1
58444, 1
58447, 1
58451, 1
58452, 1
58453, 1
58458, 2
58460, 1
58461, 1
58467, 1
58469, 2
58470, 1
58473, 1
58475, 1
58477, 1
58478, 1
58479, 1
58480, 1
58482, 1
58485, 1
58486, 1
58489, 1
58491, 1
58497, 1
58503, 1
58505, 1
58508, 1
58509, 1
58510, 2
58513, 1
58514, 1
58515, 1
58519, 1
58521, 2
58525, 2
58526, 1
58528, 2
58529, 1
58531, 1
58533, 1
58534, 1
58537, 2
58540, 1
58549, 4
58551, 1
58554, 1
58556, 1
58557, 2
58560, 2
58566, 1
58569, 2
58571, 2
58573, 1
58575, 1
58576, 1
58578, 1
58583, 1
58586, 1
58588, 1
58591, 2
58593, 1
58594, 1
58597, 1
58598, 1
58599, 1
58601, 1
58608, 1
58611, 1
58613, 2
58614, 2
58617, 2
58619, 1
58620, 1
58621, 1
58624, 1
58626, 1
58629, 1
58631, 1
58633, 1
58636, 2
58638, 1
58644, 2
58645, 1
58646, 1
58648, 1
58649, 1
58652, 1
58657, 1
58660, 1
58661, 2
58662, 2
58663, 1
58665, 1
58667, 1
58668, 1
58669, 2
58671, 1
58678, 1
58681, 1
58682, 1
58684, 1
58690, 1
58697, 2
58698, 1
58699, 1
58701, 1
58702, 1
58704, 1
58705, 1
58709, 1
58718, 1
58719, 2
58720, 1
58721, 1
58728, 1
58729, 1
58732, 1
58734, 1
58737, 2
58738, 1
58739, 2
58746, 1
58749, 1
58751, 1
58754, 1
58756, 1
58758, 1
58765, 1
58766, 1
58768, 1
58770, 1
58771, 1
58773, 2
58776, 2
58778, 1
58781, 1
58785, 1
58787, 1
58788, 3
58789, 1
58795, 1
58796, 3
58799, 1
58800, 1
58803, 1
58804, 2
58805, 1
58809, 1
58810, 1
58811, 2
58812, 1
58813, 1
58815, 2
58816, 1
58820, 2
58821, 3
58826, 2
58828, 1
58833, 1
58835, 1
58836, 1
58837, 1
58840, 2
58841, 1
58844, 3
58851, 1
58855, 1
58856, 1
58861, 1
58862, 1
58867, 1
58868, 1
58872, 1
58873, 2
58878, 1
58879, 1
58880, 1
58882, 1
58884, 1
58885, 1
58887, 2
58888, 1
58891, 1
58896, 1
58898, 1
58900, 1
58901, 1
58903, 2
58908, 1
58912, 1
58916, 1
58920, 1
58926, 1
58927, 2
58928, 1
58930, 2
58933, 1
58938, 3
58939, 1
58942, 1
58943, 1
58944, 2
58945, 1
58946, 2
58947, 2
58948, 2
58950, 1
58951, 1
58956, 2
58962, 1
58966, 1
58967, 1
58969, 1
58975, 2
58976, 1
58978, 3
58979, 1
58981, 2
58983, 1
58987, 1
58990, 1
58993, 1
58995, 1
58998, 2
59002, 1
59006, 1
59008, 1
59010, 1
59011, 1
59014, 1
59017, 1
59023, 2
59025, 1
59027, 1
59029, 1
59038, 1
59040, 1
59041, 1
59043, 1
59044, 1
59046, 2
59049, 1
59050, 1
59053, 1
59055, 1
59057, 3
59063, 2
59066, 1
59067, 2
59069, 2
59071, 1
59073, 1
59074, 1
59075, 1
59077, 2
59089, 1
59090, 2
59092, 2
59093, 2
59095, 3
59096, 2
59098, 2
59099, 1
59103, 1
59104, 1
59105, 1
59106, 3
59107, 1
59110, 1
59113, 1
59114, 1
59115, 1
59117, 2
59118, 1
59121, 1
59126, 1
59127, 2
59128, 2
59129, 1
59130, 1
59135, 1
59138, 2
59144, 1
59147, 1
59148, 1
59149, 1
59158, 1
59160, 1
59162, 1
59164, 2
59166, 1
59169, 2
59180, 2
59184, 1
59185, 2
59189, 1
59190, 1
59191, 1
59193, 1
59195, 1
59196, 1
59197, 1
59202, 1
59203, 1
59204, 1
59205, 1
59206, 1
59209, 2
59210, 2
59212, 1
59215, 1
59217, 1
59219, 1
59221, 1
59223, 2
59224, 1
59227, 1
59231, 1
59234, 2
59242, 1
59244, 1
59245, 1
59247, 1
59249, 1
59253, 2
59254, 1
59255, 1
59260, 1
59262, 1
59263, 1
59264, 2
59267, 1
59268, 1
59272, 4
59273, 1
59274, 1
59276, 1
59278, 1
59279, 2
59284, 2
59285, 1
59287, 1
59288, 1
59290, 1
59297, 1
59302, 1
59305, 3
59306, 2
59307, 1
59308, 1
59310, 1
59312, 1
59313, 1
59317, 1
59319, 2
59323, 2
59325, 1
59326, 2
59328, 1
59330, 1
59335, 2
59336, 1
59338, 1
59339, 3
59342, 3
59344, 1
59348, 1
59350, 1
59351, 1
59355, 1
59357, 1
59358, 1
59359, 1
59360, 1
59364, 1
59365, 3
59367, 2
59376, 1
59377, 1
59378, 1
59381, 1
59382, 1
59383, 1
59384, 1
59386, 2
59387, 1
59392, 2
59398, 2
59399, 2
59401, 2
59405, 1
59408, 1
59411, 1
59412, 1
59413, 1
59415, 1
59417, 1
59418, 1
59419, 2
59422, 2
59423, 1
59424, 2
59425, 1
59426, 2
59431, 1
59432, 1
59438, 1
59446, 1
59449, 2
59451, 1
59453, 1
59456, 1
59458, 1
59462, 2
59466, 1
59467, 2
59468, 1
59472, 1
59473, 1
59474, 1
59475, 3
59476, 1
59477, 1
59478, 1
59482, 1
59483, 1
59484, 1
59485, 1
59488, 1
59489, 1
59491, 1
59493, 2
59496, 2
59497, 1
59500, 1
59502, 1
59505, 1
59511, 2
59512, 1
59513, 1
59516, 1
59525, 1
59529, 2
59532, 1
59533, 1
59543, 1
59545, 1
59546, 1
59548, 2
59549, 1
59550, 2
59551, 1
59554, 1
59557, 1
59558, 1
59559, 2
59563, 1
59565, 1
59568, 1
59569, 2
59570, 1
59572, 2
59575, 1
59577, 1
59580, 2
59582, 1
59586, 1
59587, 1
59590, 2
59597, 2
59599, 1
59600, 1
59601, 1
59603, 1
59605, 1
59606, 1
59607, 1
59608, 1
59609, 1
59610, 1
59613, 1
59617, 1
59618, 1
59621, 1
59623, 1
59624, 2
59625, 1
59626, 1
59627, 1
59631, 1
59632, 1
59633, 1
59637, 1
59638, 4
59642, 1
59646, 1
59647, 1
59653, 1
59654, 1
59655, 2
59656, 1
59657, 1
59661, 1
59662, 1
59665, 1
59669, 1
59670, 1
59674, 1
59676, 1
59679, 1
59682, 1
59683, 2
59684, 2
59688, 1
59694, 1
59700, 1
59707, 1
59708, 1
59710, 1
59714, 1
59715, 2
59716, 1
59724, 1
59726, 1
59727, 1
59736, 2
59738, 2
59739, 1
59740, 1
59741, 1
59743, 1
59746, 2
59749, 1
59753, 1
59755, 1
59756, 1
59758, 3
59759, 1
59761, 1
59762, 1
59765, 2
59766, 1
59767, 1
59769, 1
59770, 1
59774, 1
59775, 1
59776, 1
59777, 1
59779, 1
59780, 1
59781, 1
59783, 1
59788, 1
59791, 1
59794, 1
59795, 2
59799, 1
59801, 2
59802, 1
59807, 1
59808, 1
59812, 1
59813, 1
59814, 1
59815, 2
59821, 1
59822, 1
59823, 1
59825, 1
59826, 1
59829, 1
59833, 1
59835, 1
59837, 2
59842, 1
59845, 2
59849, 1
59851, 2
59852, 1
59853, 1
59855, 1
59856, 1
59857, 1
59858, 1
59859, 1
59862, 2
59863, 1
59866, 1
59871, 1
59876, 1
59881, 1
59882, 1
59883, 1
59890, 1
59892, 1
59894, 2
59899, 1
59902, 1
59903, 1
59905, 2
59909, 1
59913, 1
59916, 1
59919, 2
59920, 1
59921, 1
59931, 1
59933, 2
59936, 1
59940, 3
59941, 1
59942, 1
59944, 1
59945, 1
59946, 1
59955, 1
59956, 1
59957, 1
59961, 1
59968, 2
59974, 1
59975, 1
59977, 2
59978, 1
59979, 1
59984, 2
59985, 1
59986, 1
59991, 1
59994, 1
59996, 1
59998, 1
60001, 2
60004, 1
60006, 1
60007, 1
60009, 1
60014, 1
60015, 1
60018, 1
60020, 1
60023, 1
60024, 1
60025, 1
60028, 2
60032, 1
60034, 1
60036, 1
60042, 1
60044, 1
60045, 1
60047, 1
60050, 3
60058, 1
60059, 1
60062, 3
60065, 1
60066, 1
60072, 2
60080, 1
60083, 1
60085, 2
60087, 1
60092, 2
60094, 1
60096, 1
60099, 1
60101, 1
60102, 1
60105, 1
60107, 1
60114, 1
60115, 2
60116, 1
60118, 1
60121, 1
60122, 1
60129, 1
60132, 1
60133, 1
60134, 1
60136, 1
60143, 2
60145, 1
60146, 2
60151, 1
60153, 1
60160, 3
60166, 1
60171, 1
60172, 2
60177, 1
60178, 1
60179, 1
60183, 1
60184, 1
60190, 1
60195, 1
60202, 1
60204, 1
60208, 1
60210, 1
60213, 1
60216, 1
60217, 1
60221, 1
60224, 2
60233, 2
60234, 2
60236, 2
60238, 1
60239, 1
60240, 1
60249, 1
60252, 1
60255, 1
60256, 1
60257, 1
60262, 2
60263, 2
60269, 1
60270, 2
60271, 1
60272, 2
60273, 2
60281, 1
60289, 1
60292, 1
60295, 1
60296, 1
60297, 2
60301, 1
60302, 1
60311, 2
60313, 1
60315, 1
60316, 1
60321, 1
60328, 1
60331, 2
60333, 1
60335, 1
60336, 1
60337, 2
60341, 2
60342, 2
60346, 1
60347, 2
60349, 2
60350, 1
60352, 1
60354, 1
60355, 1
60358, 1
60359, 2
60360, 1
60361, 1
60363, 3
60366, 1
60367, 1
60372, 1
60373, 2
60374, 1
60377, 1
60378, 1
60380, 2
60381, 1
60390, 1
60394, 1
60397, 1
60404, 1
60407, 1
60409, 1
60410, 1
60412, 1
60415, 1
60425, 1
60428, 1
60432, 1
60433, 1
60434, 1
60437, 1
60440, 1
60443, 2
60444, 1
60445, 1
60446, 1
60447, 1
60451, 1
60455, 1
60456, 1
60457, 1
60459, 1
60463, 1
60466, 1
60467, 2
60468, 1
60475, 4
60476, 1
60477, 1
60479, 1
60482, 1
60484, 1
60485, 2
60487, 2
60488, 1
60492, 1
60495, 1
60496, 2
60498, 1
60505, 1
60508, 1
60512, 1
60516, 1
60518, 1
60519, 1
60525, 1
60527, 2
60530, 1
60531, 1
60532, 1
60534, 1
60541, 1
60542, 1
60545, 1
60549, 1
60551, 1
60555, 1
60556, 3
60557, 1
60565, 1
60569, 2
60571, 1
60573, 1
60576, 1
60577, 1
60578, 1
60579, 2
60580, 1
60582, 1
60588, 1
60595, 1
60597, 1
60600, 3
60604, 1
60605, 1
60606, 1
60611, 1
60612, 1
60616, 1
60618, 2
60619, 1
60623, 1
60628, 1
60629, 1
60630, 1
60639, 1
60647, 2
60648, 1
60651, 1
60652, 1
60655, 1
60656, 1
60666, 2
60667, 1
60670, 1
60671, 1
60673, 1
60677, 1
60686, 1
60687, 1
60688, 1
60693, 1
60696, 1
60697, 1
60706, 1
60708, 1
60709, 2
60710, 1
60713, 1
60714, 1
60718, 1
60720, 2
60726, 2
60731, 1
60734, 1
60735, 2
60737, 1
60738, 1
60741, 1
60742, 1
60743, 1
60744, 1
60746, 1
60747, 1
60748, 1
60754, 1
60755, 1
60756, 1
60758, 1
60759, 2
60760, 1
60762, 4
60764, 1
60765, 1
60767, 1
60774, 1
60775, 1
60778, 1
60779, 1
60781, 1
60782, 1
60783, 1
60785, 1
60786, 2
60790, 1
60791, 1
60793, 2
60794, 1
60797, 1
60798, 2
60800, 1
60802, 1
60804, 1
60809, 1
60810, 1
60811, 1
60812, 1
60820, 2
60826, 1
60827, 2
60833, 1
60834, 1
60836, 1
60839, 1
60840, 1
60841, 1
60843, 2
60844, 1
60847, 3
60850, 2
60852, 2
60854, 1
60860, 1
60862, 1
60866, 1
60869, 1
60871, 1
60875, 2
60878, 1
60879, 1
60881, 1
60886, 1
60888, 1
60891, 1
60894, 1
60896, 1
60898, 1
60899, 1
60904, 1
60905, 1
60906, 1
60915, 1
60916, 2
60917, 1
60922, 1
60926, 1
60928, 1
60937, 1
60939, 1
60944, 1
60946, 1
60947, 1
60948, 2
60951, 1
60953, 2
60954, 1
60955, 2
60958, 2
60961, 1
60962, 1
60963, 1
60966, 1
60973, 1
60985, 1
60990, 1
60992, 1
60994, 1
60995, 1
60996, 1
61000, 1
61005, 1
61006, 1
61008, 2
61009, 2
61012, 1
61016, 1
61018, 1
61022, 1
61023, 1
61024, 1
61025, 1
61026, 3
61027, 1
61031, 1
61032, 1
61033, 1
61034, 1
61039, 2
61042, 3
61043, 1
61045, 1
61046, 1
61050, 1
61051, 1
61055, 2
61057, 2
61062, 1
61064, 1
61068, 1
61069, 1
61070, 2
61071, 1
61072, 1
61074, 3
61078, 1
61079, 2
61087, 1
61089, 1
61096, 1
61098, 1
61109, 1
61113, 1
61114, 1
61116, 1
61122, 1
61126, 1
61131, 1
61132, 1
61133, 1
61134, 2
61139, 2
61142, 3
61144, 1
61146, 1
61150, 1
61154, 2
61155, 2
61159, 1
61163, 1
61170, 2
61171, 1
61172, 1
61173, 1
61174, 1
61175, 2
61179, 1
61189, 2
61190, 1
61191, 1
61192, 1
61193, 1
61198, 1
61199, 2
61201, 1
61202, 1
61203, 1
61205, 1
61207, 2
61213, 1
61218, 3
61219, 1
61220, 1
61222, 1
61230, 1
61231, 1
61233, 1
61234, 1
61235, 1
61238, 2
61244, 1
61246, 1
61247, 1
61256, 1
61258, 1
61268, 1
61281, 1
61285, 4
61288, 1
61289, 1
61291, 1
61293, 1
61294, 1
61296, 1
61304, 2
61309, 1
61310, 1
61312, 2
61313, 1
61317, 1
61322, 1
61324, 1
61326, 1
61330, 1
61336, 2
61337, 1
61341, 1
61348, 1
61351, 1
61361, 1
61363, 1
61369, 1
61371, 1
61375, 1
61376, 1
61377, 1
61378, 2
61382, 1
61385, 1
61389, 1
61391, 2
61396, 1
61398, 1
61401, 1
61402, 1
61403, 1
61409, 1
61410, 2
61411, 3
61413, 2
61415, 1
61418, 1
61422, 1
61428, 1
61431, 1
61435, 1
61439, 2
61440, 1
61441, 2
61444, 1
61445, 1
61446, 1
61447, 1
61449, 1
61450, 1
61454, 1
61458, 1
61463, 1
61464, 2
61467, 1
61468, 1
61471, 1
61472, 1
61473, 1
61476, 1
61477, 2
61478, 1
61480, 1
61481, 2
61486, 1
61487, 2
61495, 1
61497, 2
61499, 1
61501, 1
61507, 1
61508, 1
61511, 1
61520, 1
61522, 1
61524, 1
61526, 1
61528, 1
61529, 2
61530, 1
61532, 1
61533, 1
61534, 2
61536, 1
61538, 1
61544, 3
61546, 1
61548, 1
61549, 1
61551, 1
61553, 1
61554, 2
61555, 1
61557, 1
61558, 1
61562, 1
61567, 1
61570, 1
61572, 1
61573, 1
61585, 1
61586, 1
61591, 1
61595, 1
61596, 1
61597, 2
61598, 2
61600, 1
61601, 2
61604, 1
61605, 1
61606, 2
61607, 1
61608, 1
61612, 1
61615, 1
61617, 1
61621, 1
61624, 1
61626, 3
61627, 3
61629, 1
61630, 1
61632, 1
61640, 1
61645, 1
61646, 1
61647, 1
61658, 1
61666, 1
61669, 1
61670, 1
61671, 1
61673, 1
61677, 2
61680, 1
61682, 1
61686, 1
61692, 1
61694, 1
61697, 1
61700, 1
61701, 1
61703, 1
61706, 1
61709, 1
61712, 1
61714, 1
61716, 1
61721, 1
61727, 1
61728, 1
61729, 1
61730, 1
61732, 1
61741, 1
61746, 1
61748, 2
61750, 1
61751, 1
61753, 1
61760, 1
61761, 2
61764, 2
61772, 1
61774, 2
61776, 1
61787, 1
61789, 1
61790, 1
61791, 1
61793, 1
61798, 1
61802, 1
61811, 1
61812, 1
61814, 2
61817, 1
61821, 1
61824, 1
61828, 1
61829, 1
61830, 2
61831, 1
61832, 1
61841, 1
61843, 1
61847, 2
61848, 1
61850, 2
61856, 1
61859, 1
61862, 1
61864, 1
61877, 1
61887, 1
61891, 1
61893, 1
61895, 1
61897, 1
61898, 1
61900, 1
61905, 1
61906, 1
61918, 1
61925, 1
61933, 2
61934, 1
61935, 1
61941, 1
61944, 1
61946, 3
61947, 1
61948, 1
61949, 1
61952, 1
61954, 2
61955, 1
61961, 1
61963, 1
61965, 3
61966, 1
61967, 1
61969, 1
61973, 1
61974, 1
61983, 1
61985, 1
61986, 1
61987, 1
61988, 1
61991, 1
61997, 1
61999, 1
62001, 1
62004, 1
62006, 1
62007, 1
62009, 1
62010, 1
62013, 2
62015, 1
62017, 2
62018, 1
62019, 1
62024, 1
62025, 1
62027, 1
62032, 1
62034, 1
62035, 1
62038, 1
62040, 1
62041, 2
62044, 1
62047, 1
62048, 1
62049, 1
62050, 1
62053, 1
62057, 1
62058, 1
62061, 1
62062, 1
62063, 2
62066, 1
62068, 1
62070, 1
62071, 1
62072, 1
62075, 1
62077, 1
62081, 1
62084, 1
62087, 1
62091, 2
62093, 1
62098, 2
62103, 1
62107, 1
62111, 2
62115, 2
62118, 1
62125, 1
62126, 1
62128, 1
62141, 1
62142, 1
62143, 1
62144, 1
62148, 1
62149, 1
62151, 1
62155, 1
62156, 2
62157, 1
62158, 1
62160, 1
62161, 1
62162, 2
62165, 2
62171, 1
62172, 1
62173, 2
62175, 1
62176, 1
62179, 1
62181, 1
62184, 1
62186, 1
62187, 1
62191, 1
62193, 1
62194, 1
62195, 1
62199, 1
62202, 1
62206, 2
62210, 2
62211, 1
62216, 1
62218, 1
62219, 1
62221, 2
62222, 1
62227, 2
62228, 2
62230, 1
62233, 1
62235, 1
62238, 2
62242, 1
62245, 1
62246, 1
62247, 1
62250, 2
62253, 1
62261, 1
62262, 1
62263, 1
62267, 1
62270, 1
62271, 1
62275, 1
62281, 2
62286, 1
62288, 1
62302, 2
62306, 2
62307, 1
62310, 1
62313, 1
62314, 2
62316, 1
62318, 2
62322, 1
62323, 1
62324, 2
62329, 2
62346, 1
62347, 1
62348, 1
62350, 1
62354, 1
62359, 1
62363, 1
62367, 1
62374, 1
62386, 1
62390, 1
62394, 1
62397, 1
62398, 1
62400, 1
62402, 1
62403, 1
62408, 1
62413, 2
62415, 2
62419, 1
62420, 1
62423, 1
62424, 1
62433, 1
62438, 1
62442, 1
62444, 1
62448, 1
62453, 1
62455, 1
62456, 1
62458, 1
62459, 1
62464, 1
62466, 1
62467, 1
62468, 2
62474, 2
62480, 1
62481, 1
62488, 1
62489, 1
62491, 2
62493, 1
62495, 2
62497, 1
62503, 1
62505, 2
62506, 2
62509, 2
62512, 1
62513, 1
62523, 1
62524, 1
62527, 1
62531, 2
62533, 1
62535, 2
62536, 1
62539, 1
62546, 2
62548, 1
62549, 1
62556, 1
62560, 1
62562, 1
62567, 1
62571, 1
62579, 1
62581, 2
62584, 1
62585, 3
62590, 1
62594, 2
62595, 1
62597, 1
62598, 1
62604, 1
62605, 1
62614, 2
62622, 1
62628, 1
62634, 1
62636, 1
62638, 2
62642, 1
62645, 3
62648, 2
62653, 2
62660, 1
62664, 1
62676, 1
62678, 2
62683, 1
62684, 1
62687, 1
62692, 1
62696, 1
62697, 1
62700, 2
62702, 1
62703, 1
62704, 1
62707, 1
62708, 2
62712, 1
62714, 2
62715, 1
62717, 2
62718, 2
62720, 1
62734, 1
62740, 1
62741, 1
62746, 2
62749, 1
62751, 1
62752, 1
62753, 1
62758, 1
62763, 1
62777, 1
62788, 1
62789, 1
62794, 1
62797, 1
62807, 1
62808, 1
62812, 1
62817, 1
62825, 1
62826, 2
62827, 1
62828, 1
62830, 1
62833, 1
62837, 3
62838, 1
62840, 1
62843, 1
62844, 1
62845, 1
62859, 1
62860, 3
62864, 1
62865, 1
62867, 1
62868, 1
62875, 1
62877, 2
62882, 1
62885, 1
62886, 1
62893, 1
62894, 1
62899, 1
62902, 1
62903, 1
62907, 2
62911, 2
62912, 3
62913, 2
62915, 2
62916, 1
62918, 1
62924, 1
62925, 1
62927, 1
62934, 1
62936, 1
62940, 1
62945, 1
62946, 1
62947, 2
62948, 1
62952, 3
62953, 2
62958, 1
62964, 2
62968, 1
62974, 1
62977, 1
62978, 2
62979, 1
62982, 1
62988, 2
62994, 1
62998, 1
62999, 1
63001, 1
63006, 1
63011, 1
63012, 1
63019, 1
63020, 2
63033, 1
63034, 1
63036, 1
63039, 1
63045, 1
63059, 1
63065, 1
63067, 1
63070, 1
63071, 1
63072, 3
63073, 1
63077, 1
63083, 1
63087, 1
63093, 2
63094, 1
63098, 1
63103, 2
63104, 1
63109, 1
63114, 1
63122, 1
63125, 1
63132, 1
63136, 1
63149, 1
63150, 1
63151, 1
63154, 2
63156, 1
63157, 1
63159, 2
63160, 1
63163, 1
63167, 1
63176, 1
63179, 1
63180, 1
63183, 1
63188, 1
63189, 1
63190, 1
63191, 1
63200, 1
63202, 1
63205, 1
63206, 1
63208, 1
63209, 1
63219, 1
63222, 1
63225, 2
63232, 1
63237, 1
63239, 1
63242, 1
63246, 2
63249, 1
63250, 1
63256, 1
63261, 1
63269, 1
63272, 1
63274, 1
63282, 1
63290, 2
63291, 1
63293, 1
63298, 1
63299, 2
63302, 2
63306, 1
63307, 1
63310, 1
63312, 1
63313, 1
63314, 1
63318, 1
63319, 1
63322, 1
63323, 2
63324, 2
63326, 1
63327, 1
63328, 1
63329, 1
63331, 1
63333, 1
63334, 1
63335, 1
63341, 1
63343, 1
63346, 1
63351, 1
63352, 1
63356, 1
63359, 1
63360, 1
63363, 1
63368, 1
63370, 1
63372, 1
63376, 1
63377, 2
63381, 1
63384, 1
63392, 1
63393, 1
63398, 1
63401, 1
63412, 1
63422, 1
63423, 1
63432, 2
63435, 1
63438, 1
63440, 1
63443, 2
63447, 1
63450, 1
63454, 1
63457, 1
63462, 1
63463, 1
63473, 2
63476, 1
63481, 1
63483, 1
63484, 1
63485, 1
63486, 1
63497, 1
63498, 1
63501, 1
63507, 1
63512, 1
63513, 2
63514, 1
63523, 2
63526, 2
63527, 1
63529, 1
63532, 1
63540, 1
63541, 1
63546, 1
63550, 1
63554, 1
63556, 1
63560, 2
63561, 2
63563, 1
63564, 2
63566, 2
63583, 1
63584, 1
63585, 1
63591, 1
63593, 1
63594, 1
63596, 1
63605, 1
63616, 1
63622, 3
63624, 1
63626, 1
63627, 1
63632, 1
63636, 3
63640, 1
63643, 1
63649, 2
63652, 1
63654, 1
63655, 1
63656, 1
63660, 1
63662, 1
63663, 1
63670, 1
63671, 1
63679, 1
63683, 2
63686, 1
63687, 1
63693, 2
63702, 1
63716, 1
63722, 1
63723, 1
63724, 1
63730, 1
63732, 1
63734, 1
63738, 2
63740, 1
63744, 1
63754, 1
63756, 2
63760, 1
63763, 1
63768, 1
63770, 1
63772, 1
63776, 1
63777, 1
63778, 1
63781, 1
63784, 1
63787, 1
63789, 1
63791, 1
63799, 1
63800, 1
63803, 1
63806, 1
63809, 1
63813, 1
63815, 1
63819, 1
63823, 1
63828, 1
63830, 1
63836, 1
63840, 1
63848, 1
63851, 1
63852, 1
63853, 1
63859, 1
63863, 2
63867, 1
63871, 1
63875, 1
63877, 1
63881, 1
63885, 1
63890, 1
63893, 1
63898, 1
63901, 1
63906, 1
63910, 1
63913, 1
63920, 1
63922, 1
63926, 2
63933, 2
63934, 1
63938, 3
63939, 1
63946, 1
63949, 1
63953, 1
63957, 1
63959, 1
63961, 2
63965, 1
63967, 1
63969, 1
63970, 1
63976, 1
63979, 2
63985, 1
63991, 1
64008, 1
64012, 1
64014, 2
64018, 1
64022, 1
64023, 1
64028, 1
64031, 1
64032, 2
64042, 1
64043, 1
64044, 2
64045, 1
64049, 1
64056, 1
64057, 1
64062, 1
64067, 1
64075, 1
64076, 1
64084, 1
64087, 2
64092, 2
64093, 1
64094, 1
64096, 2
64099, 1
64102, 1
64109, 2
64110, 2
64111, 1
64115, 1
64116, 1
64125, 1
64128, 1
64133, 2
64137, 2
64138, 1
64141, 1
64149, 1
64158, 1
64162, 1
64163, 1
64169, 1
64170, 1
64172, 2
64173, 1
64180, 1
64187, 1
64189, 1
64190, 1
64192, 1
64201, 1
64210, 1
64211, 1
64216, 1
64218, 1
64221, 2
64223, 1
64229, 1
64230, 1
64234, 1
64235, 1
64237, 1
64253, 1
64254, 1
64264, 1
64265, 1
64270, 1
64276, 1
64278, 1
64279, 1
64281, 1
64290, 2
64301, 1
64302, 1
64303, 1
64310, 1
64311, 1
64312, 1
64314, 1
64331, 1
64349, 1
64352, 2
64355, 1
64358, 1
64359, 1
64362, 1
64367, 1
64368, 2
64369, 1
64371, 1
64375, 1
64376, 1
64382, 1
64386, 4
64391, 1
64394, 2
64400, 1
64410, 1
64412, 1
64420, 1
64422, 1
64423, 1
64428, 1
64429, 1
64431, 1
64432, 1
64441, 2
64442, 1
64444, 1
64446, 1
64472, 1
64474, 1
64478, 1
64480, 1
64481, 1
64483, 1
64484, 1
64485, 1
64489, 1
64497, 1
64498, 1
64499, 1
64506, 1
64508, 2
64513, 1
64515, 1
64518, 1
64523, 1
64527, 1
64539, 1
64540, 1
64542, 1
64549, 1
64556, 1
64576, 2
64577, 1
64581, 1
64584, 1
64585, 1
64586, 1
64587, 1
64590, 1
64593, 1
64601, 1
64620, 2
64624, 1
64631, 1
64634, 1
64635, 1
64636, 1
64645, 1
64649, 1
64652, 1
64655, 1
64656, 1
64665, 1
64666, 1
64680, 1
64685, 1
64689, 1
64690, 1
64693, 1
64697, 2
64699, 1
64701, 1
64707, 1
64709, 1
64720, 2
64722, 1
64723, 1
64725, 1
64729, 1
64731, 1
64734, 2
64736, 1
64738, 1
64742, 2
64745, 1
64757, 1
64763, 1
64765, 1
64766, 2
64769, 1
64774, 1
64783, 1
64784, 1
64790, 1
64792, 1
64805, 1
64806, 1
64807, 1
64811, 1
64814, 2
64815, 2
64817, 1
64824, 2
64828, 1
64840, 1
64843, 2
64844, 1
64845, 1
64878, 1
64881, 1
64883, 1
64884, 1
64890, 1
64901, 1
64908, 1
64912, 1
64915, 1
64928, 1
64930, 1
64939, 1
64949, 3
64952, 1
64954, 1
64956, 1
64958, 1
64962, 1
64964, 1
64965, 1
64970, 1
64979, 1
64980, 1
64984, 1
64994, 2
64998, 1
65001, 1
65005, 1
65013, 1
65014, 1
65020, 1
65023, 1
65024, 1
65030, 1
65034, 1
65040, 1
65045, 2
65047, 1
65059, 1
65066, 1
65068, 1
65070, 1
65073, 1
65080, 1
65083, 1
65086, 1
65088, 1
65090, 1
65091, 1
65095, 1
65107, 1
65112, 1
65113, 1
65122, 1
65124, 1
65128, 1
65135, 1
65139, 1
65140, 1
65141, 1
65144, 1
65147, 1
65160, 1
65176, 1
65181, 1
65183, 1
65187, 1
65190, 1
65195, 1
65200, 2
65201, 1
65208, 2
65214, 1
65224, 1
65232, 1
65251, 1
65254, 1
65264, 2
65277, 1
65284, 1
65288, 1
65292, 1
65309, 1
65312, 1
65318, 1
65319, 1
65326, 1
65330, 1
65332, 2
65335, 1
65339, 2
65351, 1
65352, 1
65358, 1
65362, 1
65366, 1
65373, 1
65376, 1
65377, 1
65378, 1
65380, 1
65381, 1
65383, 1
65386, 1
65393, 1
65403, 1
65405, 1
65407, 1
65412, 1
65429, 1
65434, 1
65440, 2
65442, 1
65445, 1
65458, 1
65462, 1
65466, 1
65473, 1
65475, 1
65479, 1
65489, 1
65491, 1
65492, 2
65496, 1
65502, 2
65504, 1
65508, 2
65517, 1
65521, 1
65525, 2
65533, 1
65535, 1
65545, 1
65546, 1
65555, 1
65578, 1
65579, 1
65592, 1
65597, 1
65612, 1
65617, 1
65624, 1
65625, 1
65626, 1
65635, 1
65638, 1
65642, 1
65644, 1
65647, 1
65650, 1
65651, 1
65661, 1
65665, 1
65684, 1
65688, 1
65689, 1
65691, 1
65696, 1
65698, 1
65703, 1
65708, 1
65729, 1
65730, 1
65740, 1
65746, 1
65747, 1
65758, 1
65763, 1
65764, 1
65770, 1
65790, 1
65793, 1
65796, 1
65802, 1
65803, 1
65820, 2
65827, 1
65852, 1
65856, 1
65864, 1
65867, 2
65870, 1
65873, 2
65876, 1
65878, 1
65880, 2
65885, 1
65899, 1
65900, 1
65915, 2
65917, 1
65921, 1
65922, 1
65941, 2
65946, 1
65947, 1
65949, 1
65963, 1
65967, 2
65972, 1
65975, 1
65979, 2
65981, 1
65984, 2
65994, 1
65995, 1
66004, 1
66008, 1
66011, 1
66020, 1
66022, 1
66029, 1
66031, 2
66049, 1
66051, 1
66056, 1
66061, 1
66064, 1
66066, 1
66072, 2
66078, 1
66080, 1
66082, 2
66095, 1
66097, 1
66098, 1
66108, 1
66119, 1
66124, 1
66133, 1
66138, 1
66153, 1
66156, 1
66157, 1
66166, 1
66168, 2
66179, 1
66190, 1
66191, 1
66207, 1
66209, 1
66214, 1
66219, 1
66222, 1
66228, 1
66232, 1
66239, 1
66243, 1
66247, 1
66249, 1
66252, 1
66256, 2
66261, 1
66267, 1
66276, 1
66279, 1
66284, 1
66289, 1
66295, 2
66300, 1
66305, 1
66315, 1
66316, 1
66319, 1
66321, 1
66327, 1
66344, 1
66345, 1
66353, 1
66354, 1
66355, 1
66372, 2
66375, 1
66387, 2
66413, 1
66418, 1
66419, 1
66432, 2
66436, 1
66438, 1
66457, 1
66459, 1
66469, 1
66474, 2
66476, 1
66478, 1
66483, 1
66484, 1
66488, 1
66501, 1
66511, 1
66515, 1
66516, 1
66517, 1
66518, 1
66520, 1
66528, 1
66530, 1
66535, 1
66540, 1
66547, 1
66553, 2
66559, 1
66566, 1
66567, 1
66571, 1
66575, 1
66580, 2
66582, 1
66585, 1
66590, 1
66614, 1
66616, 1
66626, 1
66635, 2
66641, 1
66647, 1
66661, 1
66667, 1
66668, 1
66676, 1
66677, 2
66685, 1
66691, 1
66693, 1
66694, 1
66696, 1
66697, 1
66700, 1
66707, 1
66708, 1
66712, 1
66722, 1
66724, 1
66734, 1
66743, 1
66751, 1
66752, 1
66754, 1
66759, 1
66763, 1
66764, 1
66774, 1
66778, 1
66779, 1
66781, 1
66786, 2
66795, 1
66799, 1
66801, 1
66805, 1
66806, 1
66811, 1
66816, 1
66823, 1
66833, 1
66839, 1
66855, 1
66871, 1
66882, 2
66888, 1
66889, 1
66895, 1
66900, 1
66902, 1
66907, 1
66914, 1
66916, 1
66923, 2
66929, 1
66943, 1
66944, 1
66946, 1
66948, 1
66955, 1
66958, 1
66961, 1
66963, 1
66966, 1
66982, 1
67002, 1
67004, 1
67010, 1
67011, 2
67014, 1
67020, 1
67037, 1
67041, 1
67047, 1
67061, 1
67078, 1
67083, 1
67086, 1
67090, 1
67094, 1
67107, 1
67112, 1
67123, 1
67143, 1
67150, 1
67154, 1
67155, 1
67158, 3
67163, 2
67167, 1
67170, 1
67174, 1
67181, 1
67182, 1
67186, 1
67192, 1
67196, 1
67200, 1
67206, 1
67213, 1
67216, 1
67218, 1
67224, 2
67238, 1
67247, 1
67251, 1
67259, 1
67260, 1
67266, 1
67269, 1
67274, 1
67276, 1
67277, 1
67280, 1
67281, 1
67294, 1
67297, 1
67315, 1
67318, 1
67332, 1
67335, 1
67345, 1
67347, 1
67367, 1
67375, 1
67378, 1
67381, 1
67390, 1
67393, 1
67404, 1
67429, 1
67434, 1
67445, 1
67449, 1
67452, 1
67454, 1
67459, 1
67460, 1
67461, 1
67467, 1
67476, 1
67481, 1
67487, 1
67496, 1
67509, 1
67510, 1
67520, 1
67527, 1
67553, 1
67560, 1
67578, 1
67580, 1
67581, 1
67590, 1
67607, 1
67608, 1
67619, 1
67624, 1
67628, 1
67635, 2
67639, 1
67647, 1
67669, 1
67676, 1
67695, 2
67699, 1
67710, 1
67711, 1
67715, 1
67725, 1
67733, 1
67735, 1
67744, 1
67751, 1
67756, 1
67760, 2
67764, 1
67768, 1
67775, 1
67780, 1
67791, 1
67814, 1
67818, 1
67842, 1
67843, 1
67848, 1
67853, 1
67869, 1
67874, 1
67882, 1
67896, 1
67901, 2
67921, 2
67925, 1
67930, 1
67947, 1
67971, 1
67975, 1
67995, 1
67996, 1
68000, 1
68023, 1
68030, 1
68033, 1
68041, 1
68042, 1
68055, 1
68059, 1
68061, 1
68067, 1
68087, 1
68106, 1
68107, 1
68122, 1
68126, 1
68130, 1
68140, 1
68166, 1
68189, 2
68218, 1
68219, 1
68234, 1
68255, 1
68265, 1
68266, 2
68270, 1
68331, 2
68341, 2
68344, 1
68355, 1
68357, 1
68362, 1
68365, 1
68378, 1
68381, 1
68383, 2
68385, 1
68388, 1
68391, 1
68408, 1
68417, 1
68439, 1
68454, 2
68460, 1
68471, 1
68476, 1
68483, 1
68500, 1
68506, 1
68509, 2
68515, 1
68564, 1
68581, 1
68586, 1
68591, 1
68594, 1
68596, 1
68605, 1
68607, 1
68609, 1
68612, 1
68624, 1
68625, 1
68628, 1
68638, 1
68642, 1
68665, 1
68703, 1
68722, 1
68734, 1
68741, 1
68747, 1
68754, 1
68756, 1
68764, 1
68769, 1
68788, 1
68795, 1
68800, 1
68807, 1
68808, 1
68811, 1
68813, 1
68821, 1
68824, 1
68830, 1
68839, 1
68857, 1
68866, 1
68869, 1
68882, 1
68888, 1
68892, 1
68901, 1
68920, 1
68923, 1
68952, 1
68968, 1
68978, 1
68981, 1
68984, 1
69004, 1
69009, 1
69043, 1
69045, 1
69047, 1
69048, 1
69056, 1
69057, 1
69058, 1
69063, 1
69075, 1
69076, 1
69085, 1
69104, 1
69109, 1
69114, 1
69115, 1
69121, 1
69136, 1
69141, 1
69168, 1
69171, 1
69173, 1
69179, 1
69223, 1
69244, 1
69268, 1
69289, 1
69301, 1
69306, 1
69307, 1
69312, 1
69315, 1
69365, 1
69390, 1
69391, 1
69412, 1
69418, 1
69427, 1
69446, 1
69461, 1
69473, 1
69505, 1
69507, 1
69519, 1
69539, 1
69557, 1
69562, 1
69566, 1
69570, 1
69581, 1
69607, 1
69617, 2
69634, 1
69635, 1
69645, 1
69657, 1
69658, 1
69671, 1
69684, 1
69686, 1
69708, 1
69709, 1
69711, 1
69734, 1
69739, 1
69743, 1
69774, 1
69788, 1
69790, 1
69824, 2
69849, 1
69854, 1
69858, 1
69876, 1
69878, 1
69881, 1
69911, 1
69965, 1
69984, 1
69987, 1
69993, 1
70007, 1
70020, 1
70037, 1
70040, 1
70043, 1
70048, 1
70059, 1
70064, 1
70068, 1
70107, 1
70113, 1
70156, 1
70157, 1
70158, 1
70174, 1
70180, 1
70193, 1
70202, 1
70210, 1
70267, 1
70268, 1
70269, 1
70270, 1
70294, 1
70305, 1
70324, 1
70346, 1
70349, 1
70354, 1
70361, 1
70373, 1
70418, 1
70431, 1
70450, 1
70458, 1
70482, 1
70506, 1
70516, 1
70517, 1
70537, 1
70538, 1
70544, 1
70578, 1
70592, 1
70599, 1
70605, 1
70632, 1
70648, 1
70660, 1
70673, 1
70708, 1
70746, 1
70964, 1
71012, 1
71031, 1
71088, 1
71119, 1
71123, 1
71175, 1
71184, 1
71222, 1
71250, 1
71258, 1
71274, 1
71276, 1
71296, 1
71297, 1
71359, 1
71377, 1
71429, 1
71450, 1
71460, 1
71462, 1
71517, 1
71552, 1
71562, 1
71575, 1
71576, 1
71598, 1
71650, 1
71652, 1
71678, 1
71711, 1
71717, 1
71720, 1
71724, 1
71736, 1
71752, 1
71761, 1
71809, 1
71853, 1
71907, 1
71914, 1
72011, 1
72044, 1
72052, 1
72069, 1
72070, 1
72109, 1
72161, 1
72196, 1
72201, 1
72206, 1
72207, 1
72295, 1
72339, 1
72368, 1
72381, 1
72384, 1
72394, 1
72404, 1
72430, 1
72514, 1
72530, 1
72539, 1
72553, 1
72574, 1
72575, 1
72667, 1
72692, 1
72721, 1
72737, 1
72756, 1
72775, 1
72799, 1
72860, 1
72992, 1
73068, 1
73088, 1
73192, 1
73195, 1
73204, 1
73365, 1
73687, 1
73805, 1
73826, 1
73878, 1
73932, 1
74063, 1
74450, 1
74458, 1
74492, 1
74606, 1
74631, 1
74640, 1
74654, 1
74675, 1
74827, 1
74864, 1
74869, 1
74937, 1
74939, 1
74976, 1
75165, 1
75173, 1
75252, 1
75256, 1
75394, 1
75594, 1
75859, 1
75899, 1
76327, 1
76365, 1
76703, 1
76835, 1
76984, 1
77299, 1
77303, 1
78154, 1
78816, 1
79133, 1
79339, 1
79681, 1
81216, 1
