8994, 1
12482, 1
12886, 1
13406, 1
13624, 1
13871, 1
13974, 1
14215, 1
14568, 1
15009, 1
15221, 1
15600, 1
15607, 1
15616, 1
15627, 1
16036, 1
16068, 1
16090, 1
16170, 1
16181, 1
16239, 1
16389, 1
16448, 1
16493, 1
16545, 1
16567, 1
16901, 1
16913, 1
17008, 1
17340, 1
17372, 1
17433, 1
17578, 1
17582, 1
17616, 1
17671, 1
17722, 1
17872, 1
17906, 1
17989, 1
18014, 1
18165, 1
18371, 1
18379, 1
18397, 1
18447, 1
18532, 1
18545, 1
18589, 1
18613, 1
18684, 1
18688, 1
18776, 1
18846, 1
18896, 1
18935, 1
18969, 1
18995, 1
18999, 1
19091, 1
19189, 1
19212, 1
19225, 1
19227, 1
19300, 1
19302, 1
19348, 1
19387, 1
19418, 1
19432, 1
19440, 1
19444, 1
19457, 1
19503, 1
19597, 1
19650, 1
19698, 2
19719, 1
19760, 1
19822, 1
19883, 1
19888, 1
19893, 1
19907, 1
19933, 1
19954, 1
20044, 1
20058, 1
20063, 1
20072, 1
20077, 1
20085, 1
20122, 1
20130, 1
20161, 1
20202, 1
20205, 1
20285, 1
20306, 1
20319, 1
20338, 1
20369, 1
20392, 1
20430, 1
20453, 1
20458, 1
20502, 1
20506, 1
20508, 1
20514, 1
20516, 1
20550, 1
20590, 1
20593, 1
20598, 1
20602, 1
20624, 1
20637, 1
20657, 1
20677, 1
20734, 1
20780, 1
20783, 1
20809, 1
20814, 1
20839, 1
20869, 1
20873, 1
20896, 1
20941, 1
20965, 1
21008, 1
21013, 1
21036, 1
21054, 1
21070, 1
21077, 1
21080, 1
21112, 1
21136, 1
21178, 1
21191, 1
21197, 1
21244, 1
21255, 1
21303, 1
21321, 1
21327, 1
21343, 1
21355, 1
21375, 1
21440, 1
21524, 1
21530, 1
21533, 1
21540, 1
21555, 1
21580, 1
21592, 1
21626, 1
21652, 1
21663, 1
21667, 1
21676, 1
21692, 1
21703, 1
21712, 1
21777, 1
21783, 1
21790, 1
21809, 1
21819, 1
21826, 1
21846, 1
21857, 1
21879, 1
21938, 1
21970, 1
21974, 1
22000, 1
22017, 1
22029, 1
22040, 1
22055, 1
22072, 1
22084, 1
22124, 2
22136, 1
22140, 1
22152, 1
22171, 1
22173, 1
22208, 1
22216, 1
22217, 2
22219, 1
22222, 1
22248, 1
22258, 1
22327, 1
22328, 2
22337, 1
22349, 1
22353, 1
22372, 2
22375, 1
22393, 1
22406, 1
22410, 1
22415, 1
22457, 1
22465, 1
22517, 1
22518, 1
22549, 1
22554, 1
22573, 1
22577, 2
22579, 1
22587, 1
22604, 3
22612, 1
22613, 1
22633, 1
22645, 1
22697, 1
22723, 1
22730, 1
22758, 1
22760, 1
22763, 1
22792, 1
22811, 1
22827, 1
22829, 1
22831, 1
22833, 1
22841, 1
22857, 1
22884, 1
22906, 1
22921, 1
22922, 1
22925, 1
22951, 1
22955, 1
22971, 1
22974, 1
22986, 1
22997, 1
22998, 1
23002, 1
23011, 1
23025, 1
23047, 1
23052, 1
23055, 1
23062, 1
23078, 1
23079, 1
23117, 1
23119, 1
23121, 1
23122, 1
23134, 1
23145, 1
23165, 1
23186, 1
23192, 1
23196, 1
23205, 1
23232, 1
23237, 1
23253, 1
23278, 1
23295, 1
23301, 1
23310, 1
23325, 1
23337, 1
23342, 1
23387, 1
23404, 1
23409, 1
23418, 1
23427, 1
23429, 1
23431, 1
23457, 1
23476, 1
23506, 1
23509, 1
23516, 1
23519, 1
23526, 1
23544, 1
23551, 2
23555, 1
23559, 1
23562, 1
23571, 1
23588, 1
23593, 1
23602, 1
23603, 1
23608, 1
23631, 1
23650, 1
23654, 1
23657, 1
23674, 1
23699, 1
23701, 1
23702, 1
23710, 1
23719, 1
23722, 1
23732, 1
23735, 1
23736, 1
23745, 1
23746, 1
23756, 1
23794, 1
23811, 1
23816, 1
23839, 1
23861, 1
23870, 1
23874, 2
23876, 1
23903, 1
23904, 1
23911, 1
23918, 1
23920, 1
23938, 1
23947, 1
23958, 1
23965, 1
23972, 1
23974, 1
23975, 1
23976, 1
23982, 1
23983, 1
23984, 1
23993, 1
24015, 1
24036, 1
24044, 1
24072, 1
24082, 1
24085, 1
24088, 1
24089, 1
24106, 1
24140, 1
24143, 1
24144, 1
24152, 1
24155, 1
24174, 1
24177, 1
24182, 1
24183, 1
24198, 1
24208, 1
24222, 1
24236, 1
24255, 1
24260, 1
24292, 1
24299, 1
24302, 1
24305, 1
24319, 1
24320, 1
24324, 1
24335, 1
24339, 1
24340, 1
24351, 1
24373, 1
24376, 1
24404, 1
24408, 1
24418, 1
24421, 1
24422, 1
24428, 2
24442, 1
24446, 2
24454, 1
24455, 2
24463, 1
24468, 1
24469, 1
24478, 2
24482, 1
24490, 1
24511, 1
24515, 1
24521, 1
24527, 1
24541, 1
24561, 1
24572, 1
24576, 2
24577, 1
24601, 1
24607, 1
24610, 1
24615, 1
24626, 1
24640, 1
24661, 1
24690, 1
24699, 2
24701, 1
24704, 1
24711, 1
24721, 1
24732, 1
24743, 1
24753, 1
24763, 1
24771, 1
24778, 1
24780, 1
24806, 1
24808, 1
24822, 1
24826, 1
24832, 1
24837, 1
24844, 1
24849, 1
24894, 1
24899, 1
24909, 1
24913, 1
24917, 1
24922, 1
24930, 1
24933, 1
24937, 1
24944, 1
24949, 1
24954, 1
24958, 1
24959, 1
24962, 1
24963, 1
24967, 1
24971, 1
24975, 1
24995, 1
25001, 1
25002, 1
25004, 1
25010, 1
25015, 1
25037, 1
25046, 1
25059, 1
25079, 1
25082, 1
25083, 1
25088, 1
25099, 2
25111, 1
25125, 1
25133, 1
25134, 1
25145, 1
25172, 1
25182, 1
25194, 1
25200, 1
25205, 1
25209, 1
25232, 1
25234, 1
25237, 1
25239, 1
25243, 1
25253, 1
25258, 1
25261, 1
25264, 1
25272, 1
25274, 1
25276, 1
25283, 1
25302, 1
25304, 1
25333, 1
25359, 1
25362, 1
25366, 1
25385, 2
25400, 1
25407, 1
25413, 1
25442, 2
25455, 1
25468, 1
25471, 1
25473, 1
25505, 1
25508, 1
25514, 1
25544, 1
25550, 1
25556, 1
25565, 1
25571, 1
25598, 1
25611, 1
25612, 1
25626, 1
25629, 1
25644, 1
25649, 1
25665, 1
25670, 1
25675, 2
25683, 1
25688, 1
25711, 1
25715, 1
25720, 1
25728, 1
25742, 1
25747, 1
25783, 2
25810, 1
25817, 1
25820, 1
25826, 1
25829, 1
25831, 1
25836, 1
25839, 1
25842, 1
25843, 1
25852, 1
25861, 1
25863, 1
25868, 1
25869, 1
25876, 1
25877, 1
25878, 1
25885, 1
25888, 1
25905, 1
25910, 1
25912, 2
25916, 1
25921, 1
25930, 1
25932, 1
25943, 1
25944, 1
25945, 1
25952, 1
25953, 1
25973, 1
25976, 1
25978, 1
25982, 1
25986, 1
25988, 1
25992, 1
26000, 1
26028, 1
26030, 1
26039, 1
26041, 1
26045, 2
26057, 1
26059, 1
26070, 1
26078, 1
26088, 1
26093, 1
26102, 1
26107, 1
26109, 1
26111, 1
26115, 1
26116, 1
26139, 1
26141, 1
26143, 1
26145, 1
26157, 1
26159, 1
26171, 1
26177, 2
26178, 1
26180, 1
26181, 1
26192, 1
26200, 1
26211, 1
26213, 1
26225, 1
26233, 2
26234, 1
26244, 2
26253, 1
26254, 2
26266, 1
26274, 1
26281, 1
26282, 3
26291, 1
26292, 1
26298, 1
26300, 1
26303, 1
26317, 1
26319, 2
26320, 2
26321, 1
26322, 3
26333, 1
26335, 1
26336, 1
26337, 1
26344, 1
26349, 1
26362, 1
26376, 1
26377, 1
26386, 1
26392, 1
26399, 1
26407, 1
26410, 2
26417, 1
26420, 1
26422, 1
26431, 1
26437, 2
26450, 1
26451, 1
26456, 1
26465, 1
26473, 1
26477, 1
26478, 1
26480, 1
26481, 1
26482, 1
26486, 1
26492, 1
26500, 1
26501, 1
26506, 1
26511, 2
26515, 1
26529, 1
26531, 1
26533, 1
26539, 2
26545, 1
26548, 1
26550, 1
26553, 1
26555, 1
26557, 1
26560, 1
26563, 1
26564, 1
26578, 1
26579, 1
26586, 1
26589, 1
26597, 1
26603, 1
26606, 1
26609, 1
26610, 1
26621, 1
26627, 1
26630, 1
26635, 1
26637, 1
26640, 1
26653, 1
26661, 1
26669, 1
26673, 1
26674, 1
26675, 1
26678, 1
26680, 1
26707, 1
26722, 1
26729, 1
26736, 1
26742, 1
26745, 1
26747, 1
26754, 1
26756, 1
26758, 1
26762, 1
26764, 1
26765, 1
26769, 1
26770, 1
26773, 1
26776, 1
26785, 1
26793, 1
26797, 2
26798, 1
26800, 1
26805, 1
26811, 1
26816, 1
26832, 1
26833, 1
26838, 1
26850, 2
26856, 1
26858, 1
26864, 1
26872, 1
26875, 1
26877, 1
26880, 1
26890, 1
26895, 1
26902, 1
26910, 1
26918, 1
26921, 1
26924, 1
26926, 1
26932, 1
26933, 1
26936, 1
26939, 1
26940, 1
26941, 1
26954, 1
26955, 1
26961, 1
26967, 1
26972, 1
26973, 1
26981, 1
26982, 1
26984, 1
26985, 1
26989, 1
26996, 1
26997, 1
27013, 1
27017, 1
27022, 1
27024, 1
27032, 1
27033, 1
27035, 1
27038, 1
27056, 1
27062, 1
27072, 1
27077, 1
27080, 1
27083, 1
27085, 1
27086, 3
27090, 2
27092, 1
27093, 1
27094, 1
27097, 1
27102, 1
27113, 1
27116, 1
27132, 1
27134, 1
27137, 1
27140, 1
27142, 1
27150, 1
27163, 2
27171, 1
27176, 1
27180, 1
27189, 1
27191, 1
27194, 1
27196, 1
27200, 1
27203, 1
27215, 1
27220, 1
27235, 1
27237, 1
27240, 2
27243, 1
27259, 2
27266, 1
27273, 1
27276, 1
27277, 1
27285, 2
27286, 1
27288, 1
27292, 1
27293, 2
27294, 1
27304, 1
27306, 1
27310, 1
27312, 1
27313, 1
27314, 1
27322, 1
27330, 2
27339, 1
27344, 1
27347, 1
27356, 1
27364, 1
27366, 1
27373, 1
27375, 1
27379, 1
27384, 2
27398, 1
27402, 1
27405, 1
27406, 2
27413, 1
27414, 1
27421, 1
27426, 1
27429, 1
27439, 1
27449, 1
27461, 1
27464, 1
27467, 1
27480, 1
27482, 1
27484, 1
27486, 1
27491, 1
27494, 1
27496, 1
27500, 2
27505, 1
27509, 1
27530, 1
27532, 1
27542, 1
27548, 2
27549, 1
27552, 1
27563, 1
27565, 1
27580, 1
27586, 2
27601, 1
27602, 1
27603, 1
27606, 1
27612, 1
27614, 1
27615, 1
27617, 1
27620, 1
27621, 1
27623, 1
27627, 1
27629, 1
27638, 1
27641, 1
27648, 1
27651, 1
27655, 1
27657, 1
27659, 1
27660, 1
27661, 1
27665, 1
27667, 1
27671, 1
27674, 1
27681, 1
27683, 1
27685, 1
27687, 1
27690, 1
27695, 1
27696, 1
27703, 1
27709, 1
27714, 1
27731, 2
27737, 1
27739, 1
27741, 1
27744, 1
27747, 1
27760, 2
27764, 1
27765, 1
27767, 1
27776, 1
27777, 1
27778, 1
27779, 1
27782, 1
27783, 1
27792, 1
27799, 1
27816, 1
27817, 1
27818, 1
27827, 1
27828, 1
27833, 1
27852, 3
27860, 1
27862, 1
27864, 1
27865, 1
27866, 1
27867, 2
27873, 1
27879, 1
27896, 1
27907, 1
27909, 1
27914, 2
27915, 1
27927, 1
27928, 1
27939, 1
27953, 1
27954, 1
27961, 1
27964, 1
27965, 1
27966, 1
27970, 1
27973, 2
27977, 1
27979, 1
27983, 1
27987, 1
27996, 1
27999, 1
28011, 1
28012, 1
28016, 1
28018, 2
28020, 1
28029, 1
28033, 2
28038, 1
28046, 1
28048, 1
28050, 1
28051, 1
28060, 1
28062, 1
28066, 2
28067, 1
28081, 1
28091, 2
28096, 1
28099, 2
28103, 1
28104, 1
28109, 1
28112, 1
28118, 1
28120, 1
28124, 2
28128, 1
28130, 1
28133, 1
28135, 1
28137, 1
28144, 1
28149, 1
28150, 1
28152, 1
28154, 1
28155, 1
28158, 1
28159, 1
28163, 1
28172, 1
28182, 1
28188, 1
28192, 1
28193, 1
28198, 1
28203, 2
28210, 1
28211, 1
28212, 1
28214, 1
28223, 1
28226, 2
28232, 1
28233, 1
28235, 1
28247, 1
28248, 1
28250, 1
28252, 1
28253, 1
28259, 1
28263, 2
28271, 1
28273, 1
28277, 1
28278, 1
28284, 2
28286, 1
28289, 1
28292, 1
28293, 1
28294, 1
28299, 1
28308, 1
28312, 1
28313, 1
28316, 1
28319, 1
28332, 1
28334, 1
28335, 1
28337, 4
28339, 1
28341, 2
28346, 1
28352, 1
28354, 1
28356, 1
28360, 1
28361, 1
28364, 1
28365, 1
28370, 1
28374, 1
28379, 1
28382, 2
28389, 1
28392, 1
28395, 2
28397, 2
28403, 1
28404, 2
28410, 2
28415, 1
28419, 1
28420, 1
28428, 1
28433, 1
28435, 1
28438, 1
28440, 1
28442, 1
28443, 2
28445, 1
28451, 1
28477, 1
28485, 1
28487, 1
28496, 1
28497, 2
28503, 1
28506, 1
28508, 1
28513, 1
28517, 1
28522, 1
28525, 1
28538, 1
28540, 1
28541, 1
28543, 1
28547, 1
28561, 1
28563, 1
28570, 1
28572, 1
28579, 1
28582, 1
28585, 1
28588, 1
28594, 2
28595, 1
28599, 1
28602, 1
28604, 2
28605, 1
28608, 1
28625, 1
28634, 1
28637, 1
28638, 1
28645, 1
28650, 1
28654, 1
28655, 2
28658, 1
28659, 1
28660, 1
28661, 1
28664, 1
28666, 1
28670, 1
28677, 1
28685, 1
28688, 1
28689, 1
28691, 1
28692, 2
28695, 1
28696, 1
28697, 1
28698, 1
28701, 1
28702, 1
28710, 1
28713, 1
28720, 1
28733, 1
28737, 1
28744, 1
28749, 1
28776, 1
28780, 1
28788, 1
28790, 1
28797, 1
28802, 1
28816, 1
28824, 1
28833, 1
28835, 1
28847, 1
28851, 1
28859, 1
28863, 1
28877, 1
28878, 1
28880, 1
28886, 2
28887, 1
28891, 1
28894, 1
28901, 1
28902, 1
28906, 1
28908, 2
28918, 2
28922, 1
28923, 1
28924, 2
28926, 1
28932, 1
28933, 1
28936, 1
28939, 2
28945, 1
28946, 2
28947, 1
28954, 1
28956, 2
28960, 1
28965, 1
28968, 2
28969, 2
28972, 1
28973, 1
28975, 1
28979, 1
28984, 1
28985, 1
28988, 1
28996, 1
28998, 2
29002, 1
29004, 1
29007, 1
29016, 1
29023, 2
29026, 1
29033, 1
29036, 1
29038, 1
29039, 1
29042, 1
29047, 1
29048, 1
29051, 1
29060, 1
29064, 1
29065, 1
29072, 1
29074, 1
29080, 1
29082, 1
29086, 1
29090, 1
29092, 1
29094, 1
29101, 2
29102, 1
29103, 1
29105, 2
29115, 2
29116, 1
29125, 1
29128, 1
29129, 1
29130, 1
29137, 2
29142, 1
29144, 1
29145, 2
29151, 1
29153, 2
29155, 2
29157, 1
29158, 1
29161, 1
29162, 1
29173, 1
29174, 1
29175, 1
29176, 1
29184, 1
29186, 1
29188, 1
29189, 1
29195, 1
29197, 1
29198, 1
29199, 2
29200, 1
29202, 1
29204, 3
29205, 1
29206, 2
29212, 1
29213, 1
29221, 1
29226, 1
29229, 1
29233, 1
29235, 1
29236, 1
29238, 1
29240, 1
29243, 1
29250, 1
29262, 1
29268, 1
29273, 1
29277, 1
29280, 1
29282, 1
29284, 1
29287, 1
29288, 1
29291, 1
29292, 1
29293, 1
29294, 1
29296, 1
29298, 1
29299, 2
29302, 1
29312, 1
29314, 1
29315, 2
29318, 1
29319, 1
29321, 1
29323, 1
29325, 2
29335, 1
29337, 1
29343, 1
29350, 1
29353, 1
29354, 1
29355, 2
29362, 2
29363, 1
29364, 2
29366, 2
29367, 2
29369, 1
29370, 1
29371, 1
29372, 3
29378, 1
29385, 1
29389, 1
29393, 1
29397, 1
29405, 2
29407, 1
29411, 1
29414, 1
29417, 1
29418, 1
29445, 1
29446, 1
29447, 1
29452, 1
29453, 1
29455, 1
29457, 1
29462, 1
29467, 2
29471, 1
29484, 1
29492, 2
29496, 1
29497, 1
29500, 1
29502, 1
29503, 1
29506, 3
29507, 1
29508, 1
29518, 1
29521, 1
29523, 1
29527, 1
29532, 1
29534, 1
29535, 1
29538, 1
29542, 1
29544, 1
29551, 1
29554, 1
29555, 1
29556, 1
29558, 1
29568, 1
29570, 1
29580, 1
29593, 2
29596, 1
29600, 1
29611, 1
29613, 1
29617, 1
29619, 1
29625, 1
29633, 3
29636, 1
29642, 1
29653, 1
29655, 1
29657, 1
29659, 1
29660, 1
29661, 1
29664, 2
29665, 1
29666, 1
29669, 1
29672, 1
29674, 1
29675, 1
29676, 1
29680, 2
29686, 1
29687, 1
29688, 1
29690, 2
29692, 2
29696, 2
29698, 1
29699, 1
29700, 1
29704, 1
29707, 1
29711, 1
29712, 1
29715, 1
29716, 1
29717, 1
29719, 1
29720, 1
29725, 1
29726, 1
29729, 1
29733, 1
29734, 2
29735, 1
29737, 1
29739, 1
29740, 1
29742, 1
29748, 1
29750, 1
29752, 1
29754, 2
29758, 2
29769, 2
29775, 1
29776, 2
29778, 2
29783, 1
29784, 1
29786, 2
29789, 1
29790, 1
29801, 2
29803, 2
29805, 2
29808, 1
29809, 2
29817, 1
29829, 3
29831, 2
29833, 1
29839, 1
29840, 1
29842, 2
29846, 1
29850, 1
29853, 1
29855, 1
29856, 1
29860, 1
29862, 1
29869, 1
29873, 1
29874, 1
29875, 2
29878, 1
29879, 1
29885, 2
29886, 1
29889, 1
29895, 2
29898, 2
29903, 2
29911, 1
29918, 2
29921, 1
29929, 1
29930, 1
29934, 1
29940, 1
29943, 1
29946, 1
29949, 1
29950, 1
29957, 1
29960, 1
29967, 1
29979, 2
29983, 2
29986, 1
29989, 1
29991, 1
29996, 1
30000, 1
30005, 1
30021, 2
30022, 1
30023, 1
30028, 1
30030, 1
30031, 1
30046, 1
30049, 1
30052, 1
30053, 1
30055, 1
30057, 1
30058, 1
30060, 1
30061, 1
30062, 2
30064, 1
30067, 2
30071, 1
30078, 1
30084, 1
30086, 1
30088, 1
30092, 1
30096, 1
30100, 1
30102, 1
30103, 2
30107, 1
30114, 2
30116, 1
30118, 1
30121, 1
30122, 2
30123, 1
30124, 1
30131, 1
30146, 1
30147, 1
30148, 1
30149, 2
30155, 1
30159, 1
30161, 1
30168, 1
30170, 1
30171, 1
30172, 1
30175, 1
30179, 1
30180, 1
30184, 2
30185, 1
30194, 1
30195, 1
30197, 1
30198, 1
30200, 1
30204, 1
30217, 1
30220, 1
30225, 1
30226, 2
30230, 1
30235, 1
30237, 1
30239, 2
30241, 1
30245, 2
30249, 1
30250, 1
30254, 1
30256, 1
30260, 2
30264, 1
30267, 1
30269, 1
30272, 1
30275, 1
30279, 1
30284, 1
30288, 1
30290, 1
30292, 3
30296, 1
30299, 2
30300, 1
30303, 1
30304, 1
30305, 1
30306, 1
30311, 1
30315, 1
30317, 1
30318, 2
30321, 2
30325, 1
30326, 1
30327, 1
30329, 1
30330, 1
30331, 1
30332, 1
30333, 1
30336, 1
30341, 1
30342, 2
30344, 1
30348, 1
30349, 1
30354, 1
30355, 2
30356, 2
30360, 1
30368, 1
30369, 1
30370, 1
30373, 1
30375, 1
30376, 1
30378, 2
30380, 1
30382, 1
30384, 1
30385, 1
30390, 1
30393, 2
30394, 2
30399, 1
30401, 1
30403, 2
30404, 1
30412, 2
30420, 1
30424, 1
30425, 1
30435, 1
30436, 2
30438, 1
30442, 1
30444, 1
30452, 1
30453, 1
30454, 1
30455, 1
30457, 1
30458, 2
30459, 2
30461, 1
30463, 1
30465, 1
30468, 1
30469, 1
30480, 1
30481, 1
30488, 2
30489, 1
30496, 2
30503, 1
30504, 1
30507, 2
30509, 1
30513, 1
30517, 1
30518, 1
30521, 1
30525, 1
30526, 2
30530, 1
30536, 1
30538, 1
30539, 2
30540, 1
30547, 1
30550, 1
30555, 1
30565, 1
30566, 1
30567, 1
30568, 1
30570, 1
30572, 1
30575, 1
30578, 1
30579, 1
30580, 1
30582, 1
30584, 1
30585, 3
30588, 1
30590, 1
30595, 2
30597, 1
30600, 1
30609, 1
30613, 1
30618, 1
30619, 1
30620, 2
30621, 1
30622, 1
30625, 1
30629, 1
30630, 1
30634, 1
30636, 1
30639, 1
30640, 1
30643, 1
30644, 1
30649, 1
30650, 1
30653, 1
30661, 1
30662, 1
30671, 1
30679, 1
30680, 1
30684, 1
30685, 1
30686, 1
30689, 1
30691, 2
30697, 1
30698, 1
30701, 1
30702, 1
30705, 1
30706, 1
30708, 1
30710, 1
30712, 2
30713, 1
30717, 1
30719, 1
30723, 1
30726, 1
30727, 1
30728, 1
30734, 1
30735, 1
30736, 1
30741, 1
30744, 1
30749, 1
30755, 1
30757, 1
30760, 2
30762, 1
30765, 1
30767, 1
30768, 1
30769, 1
30770, 1
30778, 1
30779, 1
30786, 2
30793, 2
30800, 1
30803, 1
30805, 1
30807, 1
30812, 1
30813, 1
30815, 2
30818, 1
30826, 1
30827, 1
30834, 2
30835, 2
30836, 1
30837, 2
30840, 1
30841, 1
30843, 1
30844, 1
30847, 1
30853, 1
30861, 1
30871, 1
30879, 1
30880, 2
30882, 1
30885, 1
30886, 1
30889, 1
30892, 1
30901, 1
30905, 1
30910, 1
30914, 2
30917, 1
30918, 1
30919, 2
30922, 1
30925, 1
30926, 1
30927, 1
30929, 1
30931, 2
30933, 1
30937, 1
30938, 1
30940, 1
30942, 2
30943, 1
30948, 1
30949, 1
30952, 1
30956, 1
30959, 1
30967, 2
30969, 1
30972, 2
30973, 1
30978, 2
30984, 1
30986, 1
30987, 1
30988, 1
30989, 1
30990, 1
30991, 1
30994, 2
31001, 1
31002, 1
31003, 1
31006, 1
31011, 1
31012, 2
31016, 1
31017, 1
31022, 1
31024, 1
31032, 1
31040, 1
31043, 1
31046, 1
31049, 1
31051, 1
31052, 1
31056, 1
31057, 2
31061, 1
31067, 1
31070, 1
31071, 1
31072, 1
31073, 1
31074, 1
31076, 1
31077, 1
31078, 1
31079, 1
31080, 3
31092, 1
31095, 1
31101, 2
31109, 2
31112, 1
31114, 2
31117, 1
31118, 1
31120, 1
31121, 3
31122, 1
31123, 1
31124, 1
31131, 2
31133, 1
31137, 1
31141, 1
31142, 1
31149, 1
31152, 3
31154, 1
31158, 2
31159, 1
31163, 2
31165, 1
31167, 1
31170, 1
31173, 1
31177, 2
31180, 1
31186, 2
31189, 1
31190, 1
31194, 1
31196, 1
31199, 1
31200, 1
31201, 1
31202, 1
31204, 1
31205, 1
31206, 2
31212, 2
31215, 1
31217, 2
31218, 1
31219, 1
31221, 1
31222, 1
31226, 1
31232, 1
31234, 1
31237, 1
31240, 2
31241, 1
31244, 1
31245, 1
31246, 1
31247, 1
31248, 1
31249, 1
31251, 1
31252, 1
31256, 2
31257, 1
31258, 1
31261, 1
31263, 1
31270, 1
31271, 2
31275, 1
31276, 2
31279, 1
31280, 1
31286, 1
31287, 1
31289, 1
31294, 1
31298, 1
31299, 2
31300, 1
31304, 1
31305, 1
31310, 1
31311, 1
31312, 1
31313, 1
31318, 1
31320, 2
31322, 1
31324, 1
31325, 1
31326, 1
31328, 1
31330, 1
31332, 1
31333, 1
31334, 2
31336, 1
31337, 2
31341, 1
31342, 1
31343, 1
31344, 1
31345, 1
31346, 1
31358, 1
31362, 1
31363, 1
31367, 1
31370, 1
31372, 1
31376, 1
31377, 3
31380, 1
31381, 1
31382, 1
31383, 1
31389, 1
31395, 1
31399, 1
31400, 1
31402, 1
31404, 1
31405, 2
31409, 1
31411, 1
31413, 1
31415, 1
31416, 1
31419, 1
31420, 1
31422, 1
31426, 1
31428, 2
31432, 1
31433, 1
31438, 1
31440, 1
31441, 3
31444, 1
31445, 1
31446, 1
31449, 1
31450, 1
31452, 1
31454, 1
31458, 1
31459, 1
31461, 4
31464, 1
31470, 2
31478, 1
31481, 1
31487, 1
31488, 1
31489, 1
31490, 3
31491, 1
31496, 1
31497, 1
31499, 1
31500, 1
31502, 1
31505, 1
31508, 1
31511, 2
31512, 2
31513, 2
31514, 2
31515, 1
31516, 1
31518, 1
31524, 1
31530, 1
31532, 1
31536, 1
31538, 1
31539, 1
31541, 1
31542, 1
31546, 1
31547, 2
31549, 3
31551, 1
31554, 1
31556, 1
31557, 1
31559, 1
31564, 1
31566, 1
31568, 1
31569, 2
31571, 2
31572, 1
31575, 1
31578, 1
31580, 1
31582, 2
31584, 1
31586, 1
31589, 1
31592, 1
31594, 1
31596, 1
31597, 2
31598, 1
31607, 1
31616, 1
31617, 2
31618, 1
31622, 2
31623, 2
31625, 1
31632, 2
31635, 1
31637, 1
31643, 2
31644, 1
31648, 2
31649, 1
31652, 1
31654, 1
31657, 1
31659, 1
31661, 1
31664, 1
31665, 1
31666, 1
31671, 1
31673, 1
31674, 1
31677, 3
31680, 1
31682, 1
31683, 1
31685, 1
31687, 1
31691, 1
31692, 1
31697, 1
31708, 1
31710, 1
31711, 1
31713, 1
31716, 2
31717, 1
31722, 1
31724, 1
31728, 3
31731, 2
31732, 1
31733, 1
31735, 1
31738, 1
31742, 2
31747, 1
31750, 1
31755, 1
31757, 2
31758, 2
31762, 1
31764, 1
31768, 1
31769, 1
31771, 1
31773, 1
31777, 1
31782, 1
31783, 2
31787, 1
31788, 1
31791, 2
31796, 1
31799, 1
31802, 1
31808, 1
31811, 2
31813, 1
31819, 1
31821, 2
31825, 1
31834, 1
31835, 3
31838, 1
31839, 1
31842, 1
31845, 1
31853, 2
31856, 1
31857, 1
31858, 1
31862, 1
31864, 1
31865, 1
31866, 1
31867, 1
31868, 2
31870, 1
31879, 1
31882, 1
31885, 2
31886, 1
31887, 1
31890, 1
31891, 3
31893, 3
31895, 1
31899, 1
31900, 1
31905, 2
31907, 1
31909, 2
31910, 1
31912, 1
31913, 1
31917, 1
31919, 1
31925, 1
31927, 1
31929, 2
31930, 1
31931, 2
31932, 1
31934, 1
31936, 1
31940, 1
31943, 1
31948, 1
31952, 1
31954, 1
31958, 1
31961, 1
31963, 2
31965, 1
31967, 1
31968, 1
31973, 1
31977, 1
31978, 1
31980, 1
31983, 1
31985, 1
31989, 2
31996, 1
31998, 1
31999, 1
32001, 2
32005, 2
32008, 1
32009, 1
32011, 1
32015, 2
32016, 1
32018, 1
32021, 2
32026, 1
32027, 1
32029, 2
32033, 1
32035, 2
32040, 1
32044, 1
32046, 2
32049, 1
32056, 1
32059, 1
32060, 1
32065, 1
32074, 2
32079, 1
32082, 1
32083, 2
32088, 1
32089, 1
32090, 1
32095, 1
32098, 1
32101, 1
32102, 1
32103, 1
32107, 2
32109, 1
32115, 2
32116, 1
32121, 1
32130, 1
32132, 1
32134, 1
32136, 1
32138, 1
32140, 1
32141, 1
32143, 1
32145, 1
32148, 1
32151, 1
32152, 2
32154, 1
32155, 1
32159, 3
32165, 1
32167, 1
32170, 1
32171, 1
32173, 1
32174, 2
32175, 1
32176, 1
32177, 1
32187, 1
32188, 1
32191, 1
32192, 1
32194, 1
32195, 2
32196, 1
32197, 1
32199, 1
32200, 1
32201, 1
32202, 1
32204, 3
32205, 1
32206, 1
32207, 1
32209, 1
32211, 1
32218, 1
32219, 1
32220, 1
32225, 1
32228, 1
32229, 2
32232, 1
32233, 1
32236, 1
32238, 2
32245, 2
32248, 1
32249, 3
32250, 1
32251, 1
32253, 1
32255, 1
32260, 1
32261, 1
32264, 1
32268, 1
32269, 1
32271, 1
32272, 1
32274, 1
32279, 1
32280, 1
32282, 1
32283, 1
32284, 1
32286, 1
32289, 1
32290, 1
32294, 1
32295, 2
32296, 1
32299, 1
32302, 1
32303, 1
32305, 1
32306, 1
32309, 1
32313, 1
32314, 1
32315, 1
32318, 1
32319, 1
32320, 1
32323, 2
32331, 1
32332, 2
32340, 1
32344, 2
32346, 1
32347, 1
32348, 1
32352, 3
32353, 3
32354, 1
32355, 1
32358, 1
32360, 1
32361, 1
32364, 1
32369, 1
32374, 1
32375, 1
32377, 1
32379, 1
32385, 1
32389, 1
32390, 1
32393, 2
32394, 2
32399, 1
32400, 1
32402, 2
32405, 2
32406, 2
32407, 1
32408, 2
32410, 1
32411, 2
32414, 1
32417, 2
32420, 1
32421, 1
32423, 2
32424, 2
32425, 3
32428, 2
32429, 1
32442, 1
32444, 2
32447, 1
32448, 2
32452, 1
32456, 1
32458, 1
32461, 1
32464, 1
32467, 1
32468, 1
32469, 2
32471, 2
32473, 1
32477, 1
32481, 1
32482, 1
32484, 1
32486, 1
32490, 1
32495, 1
32500, 2
32507, 1
32510, 1
32512, 1
32513, 1
32514, 1
32516, 1
32518, 1
32519, 1
32520, 1
32521, 1
32522, 1
32523, 1
32528, 1
32531, 1
32534, 1
32544, 1
32548, 1
32552, 2
32558, 1
32564, 1
32566, 1
32568, 1
32569, 1
32572, 1
32574, 1
32577, 1
32579, 2
32582, 2
32587, 1
32593, 2
32594, 2
32598, 2
32599, 1
32600, 1
32608, 2
32610, 1
32613, 1
32616, 1
32618, 2
32621, 1
32625, 1
32626, 1
32627, 2
32635, 1
32638, 1
32641, 1
32647, 1
32651, 1
32660, 1
32662, 1
32664, 2
32668, 1
32670, 1
32674, 1
32676, 1
32679, 1
32683, 1
32685, 2
32689, 1
32699, 1
32700, 1
32701, 1
32702, 2
32704, 1
32706, 1
32707, 1
32709, 1
32710, 2
32717, 2
32718, 1
32724, 2
32727, 2
32728, 1
32731, 2
32735, 1
32737, 2
32738, 1
32740, 1
32742, 1
32747, 1
32748, 1
32753, 1
32755, 1
32757, 3
32762, 2
32764, 2
32765, 1
32766, 1
32769, 1
32771, 1
32776, 1
32780, 1
32781, 1
32782, 1
32783, 1
32785, 2
32786, 1
32787, 1
32789, 1
32794, 1
32795, 1
32797, 1
32801, 1
32804, 2
32806, 1
32808, 2
32809, 1
32811, 1
32815, 2
32816, 1
32817, 2
32821, 1
32822, 2
32823, 2
32824, 1
32825, 1
32828, 1
32829, 1
32833, 1
32836, 1
32838, 1
32839, 2
32840, 1
32842, 1
32845, 1
32847, 1
32848, 1
32850, 1
32851, 1
32856, 1
32857, 1
32866, 1
32871, 2
32872, 2
32873, 2
32875, 1
32877, 1
32886, 1
32889, 1
32891, 1
32892, 1
32894, 1
32896, 3
32899, 1
32900, 1
32901, 2
32907, 1
32910, 1
32912, 1
32914, 1
32915, 1
32917, 1
32918, 2
32919, 1
32922, 1
32923, 1
32924, 2
32925, 1
32930, 1
32933, 1
32935, 2
32939, 2
32940, 1
32941, 1
32943, 1
32948, 1
32950, 1
32955, 1
32957, 1
32959, 1
32960, 1
32965, 1
32966, 3
32967, 1
32974, 1
32977, 1
32981, 1
32982, 1
32983, 1
32984, 2
32986, 3
32987, 2
32990, 2
32991, 1
32992, 1
32993, 1
32994, 2
32995, 1
32998, 1
33000, 2
33003, 1
33004, 1
33010, 2
33011, 1
33013, 1
33014, 1
33015, 2
33017, 1
33018, 1
33020, 1
33023, 1
33026, 1
33028, 1
33030, 1
33032, 2
33033, 2
33038, 1
33040, 1
33044, 3
33046, 1
33047, 1
33052, 2
33058, 1
33059, 1
33060, 2
33061, 2
33062, 1
33064, 1
33067, 1
33070, 1
33072, 3
33074, 1
33075, 2
33076, 1
33077, 1
33078, 1
33081, 2
33082, 2
33085, 1
33086, 1
33088, 1
33089, 1
33092, 1
33093, 1
33098, 2
33105, 1
33106, 1
33109, 1
33112, 1
33113, 1
33115, 2
33116, 2
33119, 1
33122, 1
33123, 1
33124, 2
33126, 3
33127, 1
33131, 1
33133, 1
33140, 1
33141, 1
33142, 1
33143, 1
33144, 2
33145, 2
33153, 1
33156, 1
33159, 2
33161, 1
33166, 1
33167, 1
33169, 1
33170, 1
33174, 1
33179, 1
33180, 1
33185, 1
33188, 1
33195, 1
33196, 2
33198, 2
33199, 1
33201, 1
33202, 2
33203, 1
33207, 1
33214, 1
33219, 3
33220, 1
33222, 1
33224, 1
33228, 1
33229, 1
33230, 1
33232, 1
33234, 2
33237, 2
33242, 1
33244, 1
33245, 1
33250, 1
33251, 1
33252, 1
33255, 2
33256, 1
33262, 1
33264, 1
33265, 1
33278, 1
33279, 1
33280, 1
33289, 1
33290, 1
33295, 2
33301, 1
33302, 1
33305, 1
33307, 1
33311, 1
33312, 1
33313, 1
33317, 1
33318, 1
33319, 1
33321, 1
33322, 1
33323, 1
33328, 1
33329, 2
33330, 2
33335, 1
33341, 2
33346, 1
33348, 1
33350, 1
33354, 1
33368, 1
33371, 1
33379, 1
33383, 1
33384, 2
33391, 1
33393, 3
33399, 1
33404, 1
33405, 2
33407, 2
33409, 1
33411, 1
33412, 1
33413, 1
33414, 3
33415, 1
33418, 1
33420, 2
33421, 1
33422, 1
33423, 1
33425, 1
33426, 2
33427, 2
33429, 1
33433, 1
33434, 1
33440, 2
33443, 1
33444, 3
33446, 1
33451, 1
33452, 1
33453, 1
33457, 1
33458, 2
33460, 1
33461, 1
33463, 2
33465, 1
33466, 1
33467, 1
33468, 1
33470, 1
33471, 1
33472, 2
33474, 1
33475, 1
33477, 1
33478, 1
33485, 1
33487, 1
33492, 1
33495, 1
33499, 1
33500, 1
33503, 1
33505, 1
33506, 1
33507, 2
33508, 1
33510, 1
33511, 1
33512, 1
33526, 1
33530, 2
33533, 1
33535, 2
33536, 1
33537, 2
33538, 2
33540, 1
33541, 1
33546, 1
33556, 2
33568, 2
33569, 1
33571, 1
33572, 1
33576, 1
33588, 2
33589, 2
33592, 1
33593, 1
33594, 2
33595, 1
33597, 1
33599, 2
33600, 1
33601, 1
33603, 2
33606, 1
33608, 2
33610, 1
33611, 1
33613, 1
33616, 1
33617, 1
33621, 1
33622, 1
33625, 1
33639, 1
33640, 1
33642, 1
33644, 1
33645, 1
33646, 1
33650, 1
33651, 1
33655, 1
33660, 1
33662, 1
33663, 1
33665, 1
33667, 1
33670, 1
33674, 1
33676, 1
33677, 1
33678, 1
33679, 1
33681, 1
33690, 1
33692, 2
33693, 1
33695, 1
33698, 1
33701, 2
33702, 1
33705, 1
33706, 1
33707, 1
33708, 1
33709, 2
33712, 1
33714, 2
33717, 1
33720, 2
33723, 2
33733, 1
33741, 1
33745, 2
33747, 1
33752, 1
33756, 2
33757, 2
33761, 1
33762, 2
33764, 1
33765, 1
33766, 2
33767, 2
33773, 2
33774, 1
33775, 1
33776, 1
33777, 1
33778, 1
33779, 1
33784, 1
33788, 1
33789, 2
33790, 1
33791, 1
33792, 2
33793, 1
33795, 1
33796, 1
33797, 1
33799, 2
33800, 1
33802, 1
33804, 1
33805, 1
33807, 2
33808, 1
33811, 1
33821, 1
33822, 1
33823, 1
33824, 3
33826, 1
33828, 1
33830, 1
33834, 1
33835, 3
33843, 1
33846, 1
33847, 1
33849, 1
33850, 1
33851, 2
33852, 2
33855, 3
33856, 1
33860, 1
33861, 1
33863, 2
33865, 1
33869, 1
33873, 1
33876, 1
33879, 2
33890, 1
33894, 2
33896, 2
33900, 1
33901, 1
33905, 2
33906, 1
33907, 2
33910, 1
33913, 1
33916, 1
33917, 2
33925, 2
33929, 1
33934, 1
33938, 1
33940, 1
33943, 2
33947, 1
33948, 1
33952, 1
33953, 1
33957, 1
33958, 1
33959, 1
33960, 1
33964, 1
33968, 1
33973, 1
33978, 1
33979, 2
33981, 1
33988, 1
33990, 1
33993, 1
33997, 1
34002, 2
34005, 1
34010, 1
34011, 2
34015, 1
34017, 1
34018, 3
34021, 1
34022, 1
34023, 1
34026, 2
34034, 2
34041, 2
34046, 4
34051, 1
34054, 1
34056, 1
34057, 1
34058, 1
34060, 1
34061, 1
34062, 2
34065, 1
34069, 1
34070, 1
34071, 3
34076, 1
34077, 2
34080, 2
34082, 1
34083, 1
34087, 1
34091, 1
34092, 1
34094, 1
34096, 1
34099, 1
34100, 2
34102, 1
34103, 1
34104, 1
34105, 1
34106, 1
34108, 1
34114, 2
34119, 2
34127, 2
34128, 1
34130, 1
34134, 1
34135, 1
34137, 1
34138, 1
34139, 2
34142, 1
34143, 3
34146, 1
34154, 1
34161, 1
34162, 2
34163, 1
34164, 2
34167, 2
34169, 1
34170, 1
34171, 1
34172, 3
34173, 1
34178, 2
34179, 1
34181, 3
34183, 1
34184, 1
34185, 1
34186, 1
34189, 1
34190, 2
34191, 1
34203, 4
34205, 2
34212, 1
34214, 1
34219, 2
34221, 2
34227, 1
34230, 1
34233, 1
34238, 2
34241, 1
34243, 2
34244, 1
34245, 1
34250, 2
34251, 1
34252, 3
34253, 1
34255, 3
34257, 1
34258, 1
34259, 1
34263, 3
34264, 1
34269, 1
34270, 1
34274, 1
34275, 1
34278, 2
34279, 3
34281, 1
34284, 1
34287, 1
34288, 1
34291, 1
34296, 1
34300, 1
34306, 1
34308, 2
34311, 1
34316, 1
34317, 2
34318, 2
34322, 2
34323, 2
34325, 1
34326, 2
34327, 1
34334, 1
34335, 2
34336, 1
34338, 1
34342, 3
34345, 1
34346, 1
34351, 1
34352, 2
34353, 1
34355, 1
34357, 2
34359, 1
34360, 1
34364, 1
34367, 3
34368, 2
34369, 1
34371, 1
34372, 1
34374, 1
34379, 1
34382, 2
34385, 1
34393, 1
34395, 2
34396, 1
34403, 1
34406, 1
34407, 2
34410, 1
34411, 2
34415, 1
34417, 1
34418, 1
34419, 2
34424, 1
34426, 1
34431, 1
34433, 1
34437, 1
34438, 2
34446, 2
34447, 1
34448, 1
34450, 2
34456, 1
34457, 1
34465, 1
34466, 1
34467, 2
34472, 1
34473, 1
34474, 1
34485, 2
34486, 2
34487, 1
34488, 2
34489, 1
34491, 2
34494, 1
34495, 1
34500, 1
34503, 1
34505, 1
34506, 1
34507, 1
34508, 1
34509, 3
34513, 1
34515, 1
34518, 2
34519, 1
34520, 1
34523, 1
34525, 1
34526, 1
34528, 1
34532, 1
34535, 1
34536, 1
34537, 2
34538, 2
34540, 2
34544, 2
34547, 1
34548, 2
34549, 1
34550, 1
34551, 2
34552, 2
34553, 1
34554, 1
34556, 1
34558, 1
34561, 1
34564, 1
34565, 1
34571, 1
34572, 1
34573, 1
34574, 1
34577, 2
34581, 3
34582, 2
34584, 2
34585, 1
34586, 1
34592, 1
34593, 1
34595, 1
34596, 1
34597, 2
34598, 1
34599, 3
34600, 1
34601, 3
34606, 2
34607, 1
34609, 2
34610, 1
34616, 1
34617, 1
34619, 1
34620, 1
34622, 3
34624, 1
34627, 2
34629, 1
34637, 1
34638, 2
34639, 1
34646, 1
34647, 1
34649, 1
34653, 1
34654, 2
34656, 1
34662, 2
34669, 2
34670, 2
34672, 1
34673, 2
34675, 1
34677, 1
34680, 1
34683, 1
34685, 1
34686, 2
34687, 1
34688, 3
34690, 1
34692, 2
34695, 1
34697, 1
34698, 1
34702, 1
34705, 2
34706, 2
34709, 1
34710, 2
34711, 2
34716, 1
34717, 1
34718, 2
34721, 2
34724, 1
34728, 1
34729, 3
34731, 1
34732, 1
34734, 1
34736, 2
34740, 1
34741, 1
34745, 1
34746, 1
34747, 1
34751, 1
34753, 1
34754, 1
34755, 3
34756, 1
34758, 1
34762, 1
34765, 1
34766, 1
34772, 1
34775, 2
34778, 1
34779, 2
34781, 1
34782, 1
34784, 1
34785, 2
34786, 1
34787, 1
34791, 2
34792, 2
34794, 1
34798, 1
34800, 3
34803, 1
34804, 2
34806, 2
34807, 1
34809, 1
34811, 1
34813, 1
34814, 1
34817, 1
34818, 1
34819, 1
34826, 1
34828, 1
34829, 2
34834, 2
34837, 1
34838, 1
34843, 1
34846, 1
34849, 1
34853, 4
34856, 1
34859, 1
34866, 2
34867, 1
34869, 1
34873, 2
34878, 1
34879, 1
34880, 1
34881, 1
34882, 1
34883, 1
34884, 1
34886, 2
34889, 2
34890, 1
34894, 1
34895, 1
34896, 1
34898, 1
34900, 1
34902, 1
34905, 1
34906, 2
34907, 1
34908, 1
34910, 1
34911, 1
34912, 1
34917, 1
34918, 1
34924, 3
34926, 2
34928, 1
34930, 1
34936, 1
34937, 2
34939, 2
34941, 1
34943, 1
34951, 1
34952, 1
34953, 1
34957, 1
34958, 3
34959, 1
34963, 3
34966, 1
34971, 1
34972, 2
34974, 4
34977, 1
34979, 1
34987, 1
34988, 1
34995, 1
34997, 2
34998, 1
34999, 1
35001, 1
35002, 1
35004, 1
35005, 1
35006, 2
35007, 3
35010, 1
35011, 1
35013, 1
35014, 1
35015, 4
35016, 1
35017, 1
35019, 1
35020, 1
35022, 1
35023, 1
35030, 2
35031, 1
35034, 1
35035, 1
35036, 3
35041, 2
35043, 2
35044, 1
35045, 2
35050, 1
35052, 1
35053, 1
35055, 1
35056, 1
35058, 1
35062, 1
35063, 1
35067, 2
35070, 2
35076, 1
35078, 1
35081, 1
35082, 1
35083, 2
35084, 1
35087, 1
35089, 1
35090, 2
35091, 1
35093, 1
35095, 1
35099, 1
35101, 1
35102, 1
35104, 3
35107, 1
35110, 1
35111, 2
35112, 1
35114, 1
35119, 1
35120, 1
35122, 1
35123, 2
35126, 1
35127, 1
35128, 1
35129, 3
35132, 1
35133, 2
35140, 1
35141, 2
35149, 1
35155, 1
35156, 4
35159, 1
35162, 1
35165, 1
35166, 1
35168, 1
35170, 1
35174, 2
35177, 1
35178, 3
35180, 2
35182, 2
35185, 2
35187, 1
35189, 1
35190, 1
35191, 1
35193, 1
35194, 1
35197, 1
35198, 2
35199, 1
35200, 1
35202, 2
35206, 2
35208, 2
35209, 1
35212, 1
35213, 1
35215, 1
35223, 1
35226, 1
35230, 1
35231, 1
35233, 1
35237, 2
35239, 1
35243, 1
35246, 1
35247, 1
35248, 1
35249, 1
35253, 1
35259, 4
35264, 3
35265, 1
35268, 1
35272, 1
35275, 2
35276, 1
35277, 2
35278, 1
35279, 3
35282, 1
35287, 1
35290, 2
35291, 2
35296, 2
35298, 1
35299, 1
35300, 1
35302, 1
35303, 3
35306, 2
35309, 1
35311, 1
35313, 3
35314, 1
35317, 1
35321, 1
35323, 1
35329, 1
35331, 1
35332, 1
35333, 3
35335, 1
35336, 1
35337, 1
35338, 2
35339, 1
35341, 1
35343, 1
35344, 1
35347, 2
35349, 1
35355, 3
35357, 1
35358, 1
35360, 2
35365, 2
35368, 2
35369, 2
35372, 1
35375, 1
35378, 1
35382, 1
35386, 1
35391, 1
35392, 2
35394, 1
35399, 1
35401, 1
35403, 3
35404, 1
35409, 1
35410, 1
35411, 1
35412, 2
35414, 1
35415, 1
35417, 1
35419, 1
35423, 2
35424, 1
35426, 4
35430, 2
35431, 2
35435, 2
35436, 1
35437, 2
35458, 2
35459, 2
35460, 1
35463, 1
35464, 3
35465, 2
35466, 1
35467, 1
35469, 4
35470, 1
35471, 1
35473, 1
35474, 1
35483, 1
35484, 1
35485, 1
35488, 1
35489, 1
35490, 1
35496, 2
35498, 2
35500, 2
35501, 1
35504, 2
35505, 1
35506, 1
35507, 1
35508, 2
35509, 1
35511, 1
35515, 1
35522, 1
35523, 1
35526, 1
35534, 3
35537, 2
35538, 1
35539, 3
35540, 1
35542, 2
35544, 1
35546, 1
35548, 1
35550, 1
35555, 1
35557, 1
35558, 1
35560, 1
35562, 1
35567, 1
35568, 2
35570, 1
35571, 1
35572, 1
35573, 1
35578, 1
35579, 1
35580, 1
35581, 1
35582, 1
35583, 1
35585, 1
35589, 1
35591, 2
35597, 1
35599, 3
35603, 2
35604, 3
35606, 2
35607, 1
35608, 1
35609, 1
35613, 1
35617, 1
35618, 1
35622, 2
35623, 3
35625, 1
35630, 1
35633, 1
35635, 1
35637, 1
35640, 1
35645, 1
35646, 1
35647, 1
35648, 1
35650, 2
35652, 1
35657, 2
35659, 1
35662, 1
35663, 1
35666, 1
35674, 1
35675, 1
35679, 1
35682, 2
35683, 1
35684, 1
35688, 1
35689, 1
35691, 2
35694, 1
35695, 2
35698, 1
35703, 1
35704, 1
35707, 2
35709, 2
35710, 1
35711, 2
35713, 1
35715, 2
35716, 3
35719, 1
35720, 1
35730, 1
35731, 2
35741, 2
35742, 2
35752, 1
35759, 1
35765, 2
35768, 1
35771, 1
35778, 2
35781, 1
35782, 1
35785, 2
35788, 1
35791, 1
35793, 1
35796, 1
35798, 1
35800, 1
35802, 1
35805, 2
35812, 1
35813, 3
35814, 2
35815, 3
35816, 1
35817, 2
35819, 1
35825, 3
35827, 1
35831, 2
35835, 3
35836, 1
35839, 1
35843, 1
35848, 1
35849, 1
35850, 1
35851, 1
35858, 1
35860, 1
35862, 1
35864, 2
35873, 2
35875, 2
35876, 1
35879, 1
35880, 1
35883, 1
35888, 1
35890, 3
35895, 2
35897, 1
35900, 1
35901, 1
35902, 1
35904, 2
35906, 1
35909, 1
35911, 2
35913, 1
35916, 1
35919, 1
35921, 2
35924, 1
35926, 1
35930, 1
35933, 1
35935, 1
35936, 1
35940, 1
35943, 2
35945, 1
35946, 1
35949, 1
35950, 1
35952, 2
35958, 1
35959, 1
35961, 1
35962, 1
35965, 1
35972, 1
35975, 1
35976, 1
35977, 2
35978, 1
35983, 2
35984, 1
35985, 1
35987, 1
35988, 2
35990, 1
35994, 2
35996, 1
35999, 1
36000, 1
36006, 1
36007, 1
36010, 1
36011, 1
36012, 1
36013, 1
36016, 1
36017, 1
36018, 1
36022, 1
36024, 1
36025, 1
36028, 1
36029, 2
36034, 1
36036, 1
36044, 1
36046, 1
36047, 3
36050, 1
36052, 1
36054, 1
36055, 1
36057, 1
36059, 1
36060, 1
36062, 1
36063, 2
36069, 1
36071, 2
36073, 3
36078, 1
36080, 1
36081, 1
36083, 1
36084, 2
36087, 1
36089, 1
36091, 1
36094, 1
36098, 1
36099, 1
36104, 1
36106, 2
36108, 1
36109, 1
36112, 1
36113, 3
36115, 1
36116, 1
36118, 1
36119, 1
36121, 2
36123, 2
36124, 1
36126, 1
36127, 1
36129, 1
36130, 1
36138, 2
36139, 1
36141, 2
36142, 1
36149, 1
36151, 1
36152, 1
36153, 2
36154, 1
36159, 1
36160, 1
36161, 1
36164, 1
36173, 1
36175, 1
36176, 1
36179, 2
36180, 1
36184, 1
36185, 1
36193, 1
36195, 2
36197, 1
36198, 1
36206, 1
36208, 1
36212, 1
36213, 1
36214, 1
36216, 1
36219, 1
36221, 1
36224, 3
36228, 1
36229, 1
36230, 1
36243, 1
36244, 1
36245, 1
36246, 2
36247, 2
36252, 2
36256, 1
36259, 1
36261, 1
36264, 2
36265, 1
36266, 1
36268, 2
36271, 1
36272, 1
36276, 1
36277, 1
36278, 1
36287, 1
36294, 1
36299, 1
36303, 2
36305, 1
36309, 1
36311, 1
36315, 1
36324, 2
36326, 2
36328, 1
36333, 1
36334, 5
36335, 1
36337, 1
36340, 1
36342, 1
36344, 1
36347, 1
36350, 2
36351, 1
36352, 1
36354, 1
36363, 1
36365, 1
36366, 1
36371, 4
36372, 1
36374, 1
36377, 1
36378, 1
36382, 1
36385, 1
36386, 1
36387, 1
36388, 1
36392, 1
36393, 1
36395, 1
36398, 1
36399, 1
36400, 1
36404, 2
36406, 2
36413, 1
36415, 2
36422, 1
36423, 1
36426, 1
36428, 2
36429, 1
36431, 1
36435, 1
36439, 3
36440, 1
36442, 1
36443, 1
36444, 1
36446, 1
36449, 1
36457, 1
36461, 1
36463, 1
36465, 1
36468, 2
36469, 1
36470, 1
36473, 1
36474, 1
36478, 1
36479, 1
36481, 1
36482, 1
36484, 1
36485, 1
36488, 1
36489, 1
36492, 1
36493, 1
36494, 1
36498, 1
36501, 2
36502, 1
36504, 1
36506, 1
36509, 1
36513, 1
36519, 1
36522, 2
36523, 1
36524, 2
36526, 1
36527, 1
36528, 1
36529, 1
36531, 1
36532, 2
36534, 2
36535, 2
36537, 2
36539, 1
36540, 3
36542, 1
36544, 1
36549, 1
36552, 1
36553, 1
36558, 1
36569, 1
36571, 1
36572, 2
36573, 1
36575, 1
36579, 2
36583, 1
36586, 1
36588, 2
36589, 1
36595, 1
36596, 1
36598, 2
36599, 1
36600, 1
36602, 2
36603, 2
36604, 2
36605, 1
36606, 2
36607, 1
36608, 2
36610, 2
36611, 1
36613, 1
36615, 1
36616, 1
36618, 1
36619, 1
36621, 3
36622, 2
36623, 1
36632, 1
36637, 1
36638, 1
36639, 1
36640, 1
36642, 2
36647, 2
36649, 2
36650, 1
36651, 2
36653, 2
36658, 1
36661, 2
36662, 1
36665, 1
36666, 2
36668, 1
36669, 2
36671, 1
36673, 2
36674, 1
36677, 3
36678, 1
36680, 1
36681, 1
36685, 1
36689, 2
36691, 2
36692, 1
36695, 1
36699, 1
36701, 1
36702, 1
36706, 2
36708, 2
36709, 1
36711, 2
36713, 1
36714, 1
36715, 1
36719, 1
36720, 1
36721, 1
36724, 2
36726, 2
36728, 2
36732, 2
36738, 1
36739, 1
36740, 2
36745, 1
36748, 1
36753, 1
36754, 1
36755, 2
36756, 1
36757, 2
36762, 1
36764, 1
36765, 1
36766, 1
36768, 1
36769, 3
36770, 1
36771, 2
36774, 2
36775, 1
36776, 1
36779, 1
36780, 1
36781, 2
36782, 1
36785, 1
36786, 1
36788, 1
36792, 1
36793, 1
36795, 1
36796, 1
36800, 1
36805, 1
36806, 1
36807, 1
36814, 1
36817, 1
36818, 1
36826, 1
36827, 1
36828, 1
36831, 3
36835, 1
36838, 1
36842, 3
36848, 1
36851, 1
36852, 1
36854, 1
36855, 1
36859, 1
36860, 1
36862, 1
36863, 1
36864, 1
36868, 1
36871, 1
36874, 1
36875, 1
36876, 1
36877, 2
36880, 1
36881, 1
36883, 1
36885, 1
36887, 1
36888, 1
36895, 2
36896, 1
36899, 1
36902, 2
36903, 1
36908, 1
36918, 1
36924, 2
36925, 1
36926, 1
36928, 1
36929, 1
36933, 1
36936, 3
36938, 1
36942, 1
36943, 1
36946, 1
36948, 1
36950, 1
36951, 1
36952, 1
36958, 2
36959, 2
36964, 1
36966, 3
36971, 1
36977, 3
36978, 1
36979, 1
36980, 1
36981, 1
36982, 3
36983, 2
36984, 4
36987, 1
36990, 1
36992, 1
36993, 1
36994, 1
37000, 1
37001, 2
37002, 2
37003, 1
37005, 1
37009, 1
37011, 1
37012, 2
37013, 1
37014, 1
37016, 1
37018, 2
37019, 1
37022, 1
37024, 2
37025, 1
37027, 1
37029, 1
37031, 2
37033, 1
37035, 3
37037, 2
37038, 1
37039, 1
37040, 1
37041, 2
37042, 1
37044, 1
37046, 1
37047, 2
37051, 1
37052, 1
37055, 1
37056, 1
37057, 1
37059, 2
37060, 1
37062, 1
37064, 3
37065, 1
37066, 1
37067, 1
37070, 1
37075, 1
37076, 2
37077, 1
37085, 1
37087, 1
37092, 1
37093, 3
37094, 1
37095, 2
37098, 1
37099, 1
37100, 2
37101, 2
37102, 1
37104, 1
37105, 1
37106, 1
37107, 1
37109, 2
37110, 1
37112, 1
37114, 1
37115, 1
37116, 1
37123, 1
37126, 1
37128, 1
37129, 3
37130, 1
37131, 1
37133, 1
37137, 1
37139, 1
37141, 2
37143, 1
37144, 1
37145, 2
37148, 1
37153, 1
37154, 1
37156, 1
37161, 1
37163, 1
37164, 2
37165, 1
37174, 1
37175, 1
37180, 2
37181, 1
37184, 1
37185, 1
37197, 2
37198, 1
37201, 1
37204, 1
37205, 1
37208, 2
37214, 1
37216, 2
37217, 2
37218, 2
37221, 1
37226, 1
37227, 1
37230, 1
37231, 1
37232, 1
37233, 2
37235, 2
37236, 2
37237, 1
37239, 2
37240, 1
37245, 1
37248, 1
37249, 1
37251, 1
37253, 1
37254, 1
37257, 1
37258, 1
37259, 1
37260, 1
37261, 1
37263, 1
37265, 1
37266, 1
37267, 1
37268, 2
37269, 2
37271, 1
37274, 1
37275, 1
37276, 1
37277, 2
37278, 1
37280, 1
37283, 1
37284, 2
37285, 1
37287, 2
37290, 1
37291, 1
37292, 1
37294, 1
37297, 2
37298, 1
37303, 2
37304, 1
37305, 1
37307, 1
37308, 2
37309, 1
37312, 1
37315, 1
37318, 2
37320, 1
37322, 1
37323, 1
37326, 1
37327, 1
37336, 3
37337, 1
37339, 1
37342, 3
37343, 1
37348, 1
37349, 1
37350, 1
37351, 1
37352, 2
37354, 2
37356, 3
37357, 2
37360, 2
37361, 1
37365, 2
37366, 2
37367, 1
37368, 1
37371, 1
37372, 2
37373, 1
37374, 1
37377, 3
37378, 1
37379, 1
37385, 2
37386, 1
37391, 1
37398, 1
37401, 1
37405, 2
37407, 2
37409, 1
37412, 2
37415, 3
37418, 1
37419, 1
37420, 2
37421, 1
37422, 2
37432, 1
37433, 1
37434, 1
37435, 1
37436, 1
37437, 1
37438, 2
37439, 1
37444, 2
37445, 3
37447, 2
37448, 1
37453, 1
37456, 1
37458, 1
37460, 1
37461, 1
37462, 1
37463, 1
37465, 2
37466, 1
37469, 1
37470, 1
37473, 1
37474, 2
37475, 2
37476, 1
37477, 1
37480, 1
37482, 1
37483, 4
37488, 2
37489, 1
37490, 1
37496, 1
37498, 1
37499, 1
37501, 4
37502, 1
37505, 1
37506, 1
37507, 1
37516, 1
37519, 2
37523, 1
37524, 1
37526, 3
37527, 3
37528, 1
37530, 2
37531, 1
37535, 1
37536, 1
37537, 1
37545, 1
37548, 1
37549, 1
37551, 1
37552, 1
37555, 1
37557, 1
37558, 1
37560, 1
37561, 1
37563, 2
37567, 1
37569, 1
37570, 2
37571, 1
37576, 1
37581, 2
37582, 1
37585, 2
37587, 1
37589, 1
37593, 2
37594, 1
37595, 1
37597, 2
37598, 3
37600, 3
37601, 3
37603, 1
37604, 1
37610, 1
37611, 1
37615, 1
37617, 1
37620, 3
37624, 1
37625, 1
37627, 1
37632, 1
37633, 1
37634, 2
37635, 1
37637, 1
37639, 1
37645, 2
37651, 1
37652, 1
37654, 1
37656, 1
37657, 1
37658, 1
37659, 2
37661, 1
37662, 3
37666, 1
37667, 1
37668, 1
37672, 2
37673, 2
37675, 1
37677, 1
37683, 1
37684, 1
37685, 1
37688, 1
37690, 1
37691, 1
37694, 2
37698, 1
37699, 1
37701, 1
37705, 1
37710, 1
37711, 1
37713, 2
37718, 1
37723, 1
37726, 1
37727, 1
37731, 1
37732, 1
37736, 2
37738, 1
37741, 1
37742, 1
37744, 1
37748, 1
37749, 1
37750, 1
37752, 1
37755, 1
37757, 1
37762, 1
37764, 1
37765, 2
37766, 2
37767, 1
37769, 1
37770, 1
37772, 1
37774, 1
37775, 1
37776, 2
37778, 1
37779, 1
37781, 1
37785, 2
37787, 1
37788, 1
37791, 1
37792, 1
37793, 1
37794, 1
37795, 2
37797, 1
37799, 3
37800, 2
37804, 1
37805, 1
37806, 3
37808, 1
37811, 1
37823, 1
37824, 1
37829, 1
37832, 1
37837, 1
37840, 1
37842, 3
37844, 1
37849, 2
37854, 1
37855, 1
37856, 1
37858, 1
37860, 1
37863, 2
37864, 1
37865, 1
37870, 1
37876, 1
37878, 1
37879, 1
37882, 2
37886, 2
37893, 1
37896, 1
37898, 2
37899, 1
37902, 1
37903, 1
37908, 1
37909, 1
37910, 2
37913, 1
37914, 1
37915, 1
37916, 1
37917, 1
37918, 1
37921, 1
37924, 1
37925, 1
37926, 1
37927, 2
37929, 1
37935, 1
37936, 2
37937, 1
37939, 1
37940, 2
37941, 1
37942, 1
37943, 1
37945, 1
37946, 2
37952, 1
37953, 1
37954, 1
37955, 1
37957, 1
37960, 3
37962, 1
37963, 2
37969, 1
37975, 2
37976, 3
37978, 1
37980, 1
37981, 1
37982, 1
37984, 2
37985, 1
37988, 1
37989, 1
37990, 2
37994, 1
37995, 2
37997, 1
37999, 1
38002, 2
38004, 1
38005, 1
38006, 1
38009, 2
38010, 2
38011, 2
38013, 1
38014, 2
38016, 1
38017, 1
38019, 1
38022, 1
38024, 1
38027, 1
38028, 2
38031, 1
38032, 1
38034, 1
38035, 1
38036, 2
38037, 1
38041, 1
38042, 1
38043, 1
38044, 2
38046, 1
38049, 2
38051, 1
38052, 1
38054, 1
38056, 1
38057, 1
38062, 2
38064, 1
38067, 1
38068, 1
38071, 1
38080, 1
38081, 1
38082, 1
38083, 1
38086, 1
38087, 1
38088, 1
38089, 2
38090, 1
38092, 1
38094, 1
38095, 1
38096, 1
38098, 1
38100, 3
38101, 1
38103, 1
38104, 1
38106, 3
38109, 2
38110, 1
38111, 1
38112, 1
38120, 1
38127, 1
38130, 1
38133, 1
38134, 1
38136, 2
38138, 3
38140, 1
38141, 1
38142, 1
38144, 1
38145, 2
38147, 1
38148, 1
38150, 1
38152, 1
38154, 1
38155, 2
38158, 1
38162, 1
38164, 1
38168, 1
38171, 1
38175, 1
38180, 2
38181, 1
38188, 1
38194, 2
38195, 1
38196, 1
38201, 1
38203, 1
38204, 1
38207, 1
38208, 1
38209, 1
38210, 1
38212, 1
38213, 1
38214, 1
38217, 1
38219, 4
38220, 1
38222, 1
38224, 1
38229, 1
38230, 1
38231, 3
38232, 1
38235, 2
38242, 1
38243, 2
38255, 1
38256, 1
38257, 2
38260, 1
38266, 3
38267, 1
38269, 1
38270, 1
38271, 1
38273, 1
38274, 1
38275, 1
38276, 1
38282, 1
38283, 1
38286, 1
38295, 2
38300, 1
38301, 1
38302, 2
38303, 1
38305, 1
38307, 1
38310, 2
38313, 1
38315, 1
38316, 1
38317, 1
38319, 1
38321, 1
38324, 1
38325, 1
38328, 1
38329, 2
38330, 1
38331, 1
38333, 1
38334, 1
38335, 1
38336, 1
38337, 2
38338, 1
38340, 2
38343, 1
38346, 1
38347, 1
38349, 2
38350, 1
38351, 1
38353, 2
38354, 1
38355, 1
38363, 1
38364, 2
38365, 1
38368, 4
38371, 1
38372, 1
38374, 3
38375, 1
38377, 2
38382, 1
38385, 1
38386, 1
38387, 1
38390, 1
38391, 1
38392, 1
38393, 1
38395, 1
38397, 1
38398, 1
38399, 1
38400, 1
38403, 1
38405, 1
38407, 1
38414, 1
38415, 1
38416, 2
38419, 1
38422, 1
38424, 2
38425, 1
38426, 1
38427, 1
38429, 1
38430, 2
38432, 1
38437, 1
38440, 1
38441, 2
38442, 2
38446, 1
38447, 1
38449, 1
38451, 1
38454, 2
38455, 1
38456, 1
38463, 1
38465, 1
38468, 3
38469, 2
38471, 1
38473, 2
38480, 2
38481, 3
38482, 1
38483, 1
38485, 1
38486, 1
38488, 1
38489, 4
38495, 2
38499, 3
38502, 2
38503, 1
38504, 1
38508, 1
38509, 1
38512, 1
38518, 2
38523, 1
38528, 2
38529, 2
38532, 2
38535, 2
38537, 1
38539, 1
38540, 1
38541, 1
38542, 1
38543, 1
38545, 3
38548, 1
38549, 1
38550, 1
38553, 1
38555, 1
38559, 1
38561, 2
38564, 2
38565, 1
38567, 1
38568, 1
38570, 4
38571, 2
38572, 3
38573, 1
38575, 1
38582, 2
38583, 1
38584, 2
38586, 1
38588, 2
38591, 1
38593, 1
38596, 1
38597, 2
38598, 1
38599, 1
38609, 2
38611, 2
38612, 2
38613, 2
38615, 1
38616, 1
38618, 1
38622, 2
38624, 1
38627, 1
38628, 2
38630, 1
38632, 1
38636, 2
38637, 1
38638, 2
38643, 1
38645, 2
38646, 1
38647, 1
38649, 1
38652, 1
38653, 1
38656, 3
38657, 3
38660, 1
38661, 1
38663, 1
38665, 1
38667, 2
38672, 2
38674, 1
38678, 1
38679, 2
38680, 1
38683, 1
38685, 1
38688, 1
38692, 1
38694, 1
38695, 2
38698, 1
38699, 1
38706, 1
38708, 2
38709, 1
38710, 1
38715, 1
38717, 1
38718, 1
38719, 2
38720, 1
38724, 1
38728, 1
38735, 1
38737, 1
38740, 1
38742, 1
38745, 2
38746, 1
38747, 1
38748, 1
38749, 1
38750, 2
38752, 1
38753, 1
38757, 1
38761, 1
38764, 1
38765, 1
38766, 1
38767, 2
38768, 1
38769, 1
38772, 1
38775, 1
38776, 1
38781, 1
38782, 1
38785, 2
38787, 1
38788, 1
38789, 1
38793, 1
38794, 1
38798, 1
38800, 1
38803, 1
38804, 1
38809, 3
38810, 1
38816, 1
38820, 1
38821, 1
38822, 3
38823, 1
38825, 1
38826, 1
38827, 1
38830, 2
38832, 1
38835, 2
38840, 1
38841, 2
38842, 1
38845, 2
38846, 1
38848, 1
38851, 2
38852, 1
38853, 2
38854, 3
38855, 1
38859, 1
38861, 3
38866, 2
38867, 2
38868, 2
38873, 1
38874, 1
38875, 2
38878, 1
38879, 1
38881, 1
38883, 1
38884, 1
38885, 2
38887, 1
38889, 1
38894, 1
38896, 1
38900, 1
38904, 3
38906, 1
38910, 1
38911, 1
38912, 1
38915, 1
38917, 1
38918, 1
38919, 1
38920, 1
38923, 1
38926, 3
38927, 1
38929, 1
38930, 1
38931, 2
38932, 3
38934, 1
38935, 1
38936, 1
38939, 2
38940, 1
38943, 1
38944, 1
38946, 1
38947, 2
38951, 1
38952, 1
38953, 1
38955, 1
38957, 1
38958, 1
38964, 1
38965, 1
38966, 1
38968, 1
38969, 1
38972, 1
38974, 1
38981, 2
38982, 1
38983, 1
38985, 2
38988, 1
38990, 1
38991, 1
38992, 1
38994, 1
38995, 2
39000, 1
39002, 1
39008, 1
39009, 1
39010, 1
39013, 1
39014, 1
39020, 1
39021, 1
39023, 1
39027, 1
39028, 1
39029, 1
39031, 1
39032, 1
39034, 1
39039, 2
39041, 1
39043, 1
39045, 1
39046, 2
39047, 1
39050, 1
39052, 1
39056, 1
39060, 4
39064, 2
39071, 1
39075, 1
39077, 1
39078, 2
39080, 1
39083, 3
39086, 3
39089, 2
39091, 2
39092, 1
39093, 2
39094, 1
39100, 1
39103, 2
39107, 2
39108, 1
39109, 1
39113, 1
39116, 1
39117, 1
39119, 1
39120, 1
39122, 1
39124, 1
39125, 1
39130, 1
39132, 1
39137, 1
39138, 1
39140, 2
39141, 1
39143, 2
39149, 1
39150, 1
39152, 2
39153, 1
39155, 1
39158, 1
39160, 3
39165, 2
39166, 1
39168, 1
39169, 1
39170, 1
39172, 2
39173, 1
39177, 1
39179, 1
39183, 1
39184, 2
39188, 1
39192, 1
39196, 1
39200, 2
39202, 1
39203, 1
39205, 1
39206, 2
39207, 1
39212, 1
39215, 1
39216, 2
39219, 1
39221, 2
39222, 1
39225, 1
39228, 2
39229, 2
39236, 1
39237, 1
39239, 1
39241, 1
39242, 2
39244, 2
39246, 2
39247, 2
39250, 2
39251, 1
39267, 1
39269, 1
39271, 1
39272, 2
39273, 1
39274, 2
39275, 2
39276, 1
39284, 1
39285, 1
39287, 1
39289, 1
39291, 1
39294, 1
39295, 2
39296, 1
39298, 2
39299, 1
39300, 1
39304, 2
39308, 1
39309, 1
39310, 1
39314, 1
39315, 1
39318, 1
39320, 1
39321, 1
39323, 1
39324, 1
39326, 1
39327, 1
39330, 1
39333, 3
39334, 1
39337, 1
39338, 1
39339, 2
39340, 1
39342, 1
39349, 2
39350, 1
39351, 1
39355, 1
39360, 1
39361, 1
39362, 1
39363, 1
39365, 1
39368, 1
39369, 1
39373, 3
39374, 1
39375, 1
39377, 1
39380, 1
39381, 1
39384, 1
39385, 1
39387, 1
39388, 2
39395, 1
39396, 1
39397, 1
39399, 1
39400, 2
39402, 1
39407, 1
39408, 2
39409, 1
39410, 2
39411, 1
39412, 2
39414, 2
39416, 1
39417, 2
39418, 2
39419, 1
39420, 1
39421, 2
39425, 1
39428, 1
39430, 1
39432, 3
39434, 1
39437, 1
39439, 1
39440, 1
39441, 1
39443, 1
39445, 1
39447, 1
39451, 1
39455, 3
39460, 1
39462, 1
39464, 1
39465, 4
39466, 1
39467, 1
39469, 1
39470, 1
39474, 2
39475, 1
39477, 3
39478, 2
39479, 1
39482, 1
39485, 1
39488, 1
39489, 2
39491, 1
39492, 3
39494, 1
39498, 1
39500, 1
39503, 2
39506, 1
39507, 1
39512, 3
39518, 2
39519, 1
39520, 1
39523, 1
39524, 1
39525, 1
39526, 2
39527, 1
39530, 1
39531, 2
39532, 1
39536, 1
39538, 1
39539, 1
39541, 2
39542, 2
39543, 3
39545, 1
39549, 1
39550, 1
39554, 1
39555, 1
39556, 1
39557, 2
39558, 1
39560, 1
39561, 2
39563, 1
39565, 1
39571, 1
39573, 1
39575, 1
39576, 1
39577, 1
39580, 1
39581, 1
39583, 1
39584, 2
39586, 1
39587, 2
39588, 1
39589, 1
39590, 1
39592, 1
39595, 1
39597, 1
39600, 1
39601, 1
39603, 1
39604, 1
39607, 1
39611, 1
39613, 1
39615, 4
39616, 1
39617, 1
39621, 2
39632, 1
39635, 1
39636, 1
39638, 1
39639, 1
39641, 1
39642, 1
39643, 1
39652, 2
39653, 1
39654, 1
39657, 2
39658, 1
39664, 2
39666, 1
39668, 1
39672, 2
39674, 1
39676, 2
39677, 1
39678, 1
39682, 1
39687, 1
39688, 1
39689, 1
39691, 2
39692, 2
39693, 2
39694, 1
39696, 1
39703, 1
39707, 2
39710, 1
39712, 1
39717, 1
39719, 1
39723, 1
39725, 1
39726, 4
39727, 1
39735, 1
39747, 1
39748, 3
39749, 1
39751, 1
39752, 1
39755, 1
39756, 1
39761, 1
39765, 2
39768, 1
39770, 1
39771, 1
39777, 2
39779, 1
39782, 1
39784, 1
39785, 1
39787, 1
39790, 1
39792, 1
39795, 1
39803, 1
39806, 2
39807, 1
39812, 2
39814, 2
39824, 2
39827, 2
39829, 1
39831, 1
39832, 1
39833, 2
39836, 1
39837, 2
39838, 1
39839, 1
39842, 2
39843, 1
39847, 3
39848, 3
39849, 1
39850, 1
39855, 1
39858, 1
39859, 1
39864, 2
39869, 2
39874, 1
39876, 1
39877, 1
39878, 2
39880, 1
39881, 1
39882, 1
39883, 3
39884, 1
39887, 2
39889, 2
39891, 1
39894, 2
39895, 3
39900, 1
39903, 1
39905, 1
39911, 1
39912, 1
39913, 1
39916, 1
39918, 1
39919, 2
39928, 3
39932, 1
39933, 1
39936, 1
39940, 1
39943, 1
39944, 1
39946, 1
39950, 1
39952, 1
39954, 1
39956, 1
39958, 1
39959, 1
39964, 1
39967, 1
39968, 1
39969, 1
39970, 2
39971, 1
39977, 2
39979, 1
39980, 3
39981, 1
39984, 2
39993, 1
39994, 1
39996, 1
40001, 1
40006, 3
40014, 1
40016, 1
40018, 4
40021, 1
40023, 2
40031, 1
40033, 1
40034, 1
40036, 1
40038, 1
40046, 1
40050, 2
40053, 1
40055, 2
40056, 2
40057, 1
40058, 1
40060, 3
40062, 1
40064, 1
40066, 1
40070, 1
40079, 2
40082, 2
40084, 1
40093, 1
40094, 1
40106, 1
40107, 1
40109, 1
40112, 1
40114, 1
40115, 1
40117, 1
40118, 1
40119, 1
40126, 1
40128, 1
40130, 1
40131, 1
40132, 1
40136, 1
40137, 1
40138, 1
40139, 1
40142, 1
40143, 1
40146, 1
40149, 2
40151, 2
40153, 1
40155, 1
40159, 1
40167, 1
40168, 3
40169, 1
40171, 1
40176, 4
40177, 1
40178, 1
40180, 1
40184, 2
40186, 1
40190, 2
40191, 1
40196, 1
40200, 1
40201, 1
40202, 1
40203, 1
40205, 1
40206, 2
40207, 1
40208, 1
40209, 1
40212, 1
40215, 1
40219, 1
40223, 1
40224, 1
40228, 1
40230, 1
40232, 1
40238, 1
40242, 1
40243, 2
40248, 1
40251, 1
40252, 1
40255, 1
40256, 1
40258, 1
40260, 2
40266, 1
40267, 3
40268, 1
40269, 1
40270, 3
40271, 1
40278, 1
40279, 1
40281, 1
40282, 1
40286, 2
40287, 1
40289, 1
40294, 1
40296, 1
40298, 1
40299, 2
40300, 2
40312, 1
40314, 1
40315, 2
40320, 1
40321, 1
40322, 1
40323, 2
40325, 1
40331, 1
40335, 1
40340, 1
40341, 1
40342, 2
40344, 1
40348, 1
40352, 2
40354, 1
40356, 1
40358, 1
40360, 1
40362, 1
40363, 1
40364, 2
40365, 1
40367, 1
40370, 1
40371, 2
40373, 1
40374, 2
40380, 1
40381, 1
40382, 1
40383, 1
40388, 1
40389, 1
40393, 1
40394, 1
40397, 1
40398, 1
40399, 1
40406, 2
40407, 1
40409, 1
40411, 1
40412, 1
40415, 1
40419, 1
40420, 1
40422, 1
40431, 1
40433, 1
40434, 1
40435, 1
40438, 2
40440, 1
40443, 2
40447, 2
40449, 2
40453, 2
40456, 1
40459, 1
40460, 3
40463, 1
40466, 1
40467, 1
40469, 1
40471, 1
40475, 1
40476, 1
40478, 1
40479, 2
40480, 2
40481, 1
40482, 1
40483, 2
40484, 1
40486, 1
40487, 2
40488, 2
40489, 1
40490, 1
40493, 2
40494, 1
40495, 1
40501, 1
40503, 2
40504, 1
40508, 1
40511, 1
40514, 1
40517, 1
40521, 2
40525, 1
40530, 1
40531, 1
40536, 1
40541, 2
40542, 1
40550, 3
40551, 1
40552, 1
40554, 2
40555, 1
40556, 1
40558, 1
40561, 1
40563, 4
40564, 1
40565, 2
40566, 1
40567, 1
40570, 1
40572, 1
40575, 1
40576, 1
40577, 2
40579, 1
40581, 1
40584, 1
40585, 1
40586, 1
40587, 2
40588, 1
40589, 1
40591, 2
40593, 1
40595, 1
40599, 1
40600, 1
40601, 2
40604, 1
40607, 1
40608, 1
40612, 1
40614, 2
40616, 2
40620, 1
40621, 2
40623, 1
40624, 1
40628, 1
40629, 2
40635, 2
40641, 2
40642, 1
40643, 1
40644, 2
40647, 1
40649, 2
40653, 1
40655, 1
40656, 2
40658, 1
40662, 1
40665, 1
40667, 3
40670, 1
40671, 1
40675, 1
40676, 1
40681, 1
40690, 1
40695, 1
40696, 1
40697, 1
40698, 1
40699, 1
40700, 1
40704, 1
40706, 1
40707, 1
40708, 1
40710, 1
40711, 1
40712, 1
40713, 2
40719, 1
40720, 1
40722, 1
40725, 1
40726, 1
40727, 1
40730, 1
40732, 2
40733, 1
40735, 1
40737, 1
40744, 1
40745, 1
40746, 1
40747, 1
40748, 1
40750, 2
40752, 3
40753, 1
40762, 2
40764, 1
40767, 2
40770, 1
40771, 1
40772, 1
40775, 1
40776, 1
40777, 1
40782, 5
40784, 1
40785, 1
40786, 2
40787, 1
40788, 1
40789, 2
40792, 2
40793, 4
40794, 1
40799, 1
40801, 1
40805, 1
40810, 1
40812, 1
40816, 1
40818, 1
40820, 1
40821, 1
40824, 1
40826, 1
40828, 2
40830, 1
40831, 2
40835, 1
40837, 1
40840, 1
40842, 1
40844, 1
40845, 1
40847, 1
40849, 1
40854, 2
40862, 1
40863, 1
40866, 1
40869, 1
40870, 1
40873, 2
40880, 1
40881, 1
40883, 4
40885, 1
40890, 2
40891, 2
40892, 1
40893, 1
40895, 1
40898, 1
40903, 1
40904, 1
40906, 2
40911, 1
40914, 1
40918, 1
40920, 1
40922, 2
40926, 1
40927, 2
40928, 2
40930, 2
40931, 1
40932, 1
40933, 1
40943, 1
40946, 2
40949, 2
40951, 3
40952, 1
40953, 2
40955, 2
40957, 1
40958, 3
40962, 4
40963, 1
40965, 4
40966, 2
40970, 1
40973, 1
40974, 1
40975, 1
40976, 1
40977, 1
40978, 1
40981, 1
40982, 1
40984, 1
40996, 3
40999, 3
41001, 1
41002, 1
41003, 2
41004, 1
41014, 1
41015, 2
41025, 1
41029, 1
41030, 1
41032, 1
41036, 1
41037, 3
41039, 3
41043, 1
41044, 4
41047, 2
41049, 1
41051, 1
41052, 1
41055, 1
41059, 1
41060, 3
41065, 2
41066, 1
41077, 1
41078, 1
41079, 1
41085, 2
41086, 2
41089, 2
41090, 2
41093, 1
41095, 1
41097, 1
41099, 2
41102, 1
41110, 1
41112, 2
41118, 1
41120, 1
41121, 1
41122, 1
41123, 1
41132, 1
41133, 1
41138, 1
41139, 1
41145, 1
41154, 1
41155, 1
41160, 1
41161, 2
41162, 1
41164, 1
41167, 2
41168, 1
41169, 1
41173, 1
41175, 1
41176, 1
41178, 2
41182, 1
41183, 1
41184, 2
41186, 1
41187, 2
41188, 2
41190, 1
41192, 1
41194, 1
41197, 1
41200, 3
41201, 1
41203, 2
41209, 1
41210, 1
41220, 2
41222, 1
41224, 1
41227, 1
41229, 1
41230, 1
41231, 1
41232, 1
41234, 1
41235, 2
41236, 1
41238, 1
41242, 1
41244, 1
41247, 1
41248, 2
41254, 1
41255, 1
41257, 3
41258, 1
41259, 1
41260, 1
41264, 1
41266, 1
41269, 1
41272, 2
41278, 2
41282, 3
41288, 1
41289, 1
41299, 1
41303, 2
41307, 1
41311, 2
41312, 1
41313, 1
41316, 1
41321, 1
41322, 2
41323, 1
41324, 1
41325, 1
41326, 1
41333, 2
41336, 1
41338, 3
41341, 1
41344, 1
41345, 1
41346, 1
41348, 1
41349, 1
41355, 1
41356, 3
41358, 1
41365, 1
41367, 1
41368, 1
41370, 1
41371, 4
41372, 1
41375, 1
41377, 1
41382, 1
41386, 1
41390, 1
41393, 2
41397, 1
41401, 1
41402, 2
41404, 2
41413, 2
41415, 1
41417, 2
41418, 1
41420, 2
41423, 1
41424, 1
41425, 1
41427, 2
41429, 1
41432, 2
41433, 1
41434, 1
41436, 1
41437, 1
41438, 1
41439, 1
41440, 2
41441, 1
41442, 1
41443, 1
41446, 2
41447, 1
41450, 1
41451, 1
41457, 1
41458, 2
41462, 2
41464, 1
41467, 1
41478, 1
41484, 1
41485, 1
41487, 1
41488, 1
41489, 1
41491, 2
41493, 1
41494, 1
41496, 2
41497, 1
41498, 1
41499, 1
41502, 1
41508, 1
41510, 1
41512, 2
41515, 1
41516, 2
41518, 1
41521, 1
41522, 1
41523, 1
41529, 1
41530, 2
41533, 1
41538, 1
41540, 1
41542, 2
41543, 1
41544, 1
41545, 1
41546, 1
41548, 1
41549, 2
41551, 1
41552, 1
41554, 2
41556, 1
41557, 1
41566, 2
41567, 1
41574, 2
41576, 1
41577, 1
41580, 1
41582, 1
41584, 1
41587, 3
41589, 1
41595, 1
41597, 2
41599, 2
41603, 1
41607, 1
41615, 1
41619, 1
41621, 1
41623, 1
41626, 1
41632, 1
41633, 1
41634, 1
41635, 3
41646, 1
41647, 2
41649, 1
41655, 2
41656, 2
41657, 2
41661, 1
41666, 1
41672, 1
41675, 2
41676, 1
41678, 2
41679, 2
41683, 1
41684, 1
41686, 1
41690, 1
41694, 2
41696, 1
41700, 1
41701, 4
41702, 1
41703, 1
41705, 2
41711, 3
41713, 1
41714, 2
41715, 1
41718, 1
41720, 1
41721, 2
41723, 1
41730, 1
41737, 1
41741, 1
41745, 1
41750, 2
41751, 2
41752, 1
41756, 2
41758, 2
41759, 1
41760, 1
41762, 1
41764, 1
41766, 2
41772, 1
41774, 1
41783, 1
41788, 1
41790, 1
41794, 2
41798, 1
41799, 1
41803, 1
41804, 1
41809, 1
41815, 1
41817, 1
41818, 1
41821, 1
41823, 1
41826, 1
41833, 1
41834, 3
41835, 1
41837, 1
41840, 1
41844, 3
41846, 1
41848, 1
41849, 1
41851, 1
41853, 2
41858, 1
41862, 2
41864, 1
41869, 1
41870, 1
41873, 1
41874, 1
41876, 1
41882, 1
41883, 1
41885, 1
41888, 1
41892, 1
41896, 2
41897, 1
41900, 1
41901, 1
41903, 1
41904, 2
41907, 2
41908, 1
41911, 1
41915, 1
41918, 1
41921, 1
41922, 1
41923, 2
41924, 1
41926, 1
41929, 1
41930, 2
41931, 1
41934, 1
41942, 1
41943, 2
41952, 2
41954, 1
41956, 1
41963, 1
41964, 1
41966, 1
41969, 1
41970, 1
41974, 2
41976, 1
41977, 1
41979, 2
41983, 1
41984, 1
41985, 1
41986, 1
41989, 1
41990, 1
41991, 1
41992, 2
41999, 1
42002, 1
42006, 1
42016, 1
42018, 1
42020, 1
42022, 2
42024, 1
42025, 1
42026, 1
42027, 2
42031, 1
42032, 1
42033, 1
42035, 1
42036, 1
42039, 1
42042, 1
42048, 1
42049, 1
42051, 1
42053, 1
42054, 1
42055, 1
42059, 1
42061, 1
42064, 1
42065, 1
42066, 1
42067, 1
42068, 2
42073, 1
42075, 2
42076, 1
42083, 1
42085, 1
42086, 1
42087, 1
42089, 1
42091, 1
42094, 1
42096, 1
42097, 2
42101, 2
42102, 1
42103, 1
42104, 1
42105, 1
42106, 1
42108, 1
42112, 1
42113, 1
42116, 1
42117, 1
42118, 1
42119, 1
42120, 2
42121, 1
42123, 1
42127, 1
42130, 1
42132, 1
42136, 1
42141, 1
42144, 1
42145, 1
42148, 1
42149, 2
42157, 2
42160, 1
42162, 2
42163, 1
42165, 1
42168, 2
42174, 1
42180, 3
42183, 1
42187, 2
42188, 1
42189, 1
42190, 1
42192, 1
42194, 2
42197, 2
42206, 1
42208, 2
42215, 1
42218, 1
42219, 1
42221, 1
42226, 1
42228, 1
42231, 1
42233, 1
42236, 2
42238, 2
42240, 1
42241, 1
42245, 1
42247, 2
42249, 2
42250, 1
42251, 1
42255, 2
42261, 1
42263, 4
42266, 1
42268, 1
42271, 1
42273, 1
42280, 2
42287, 1
42290, 2
42292, 2
42293, 1
42294, 1
42296, 1
42300, 1
42304, 2
42306, 1
42307, 1
42311, 1
42313, 2
42318, 1
42321, 1
42324, 1
42328, 1
42335, 1
42337, 1
42338, 1
42340, 1
42346, 2
42349, 1
42351, 2
42353, 1
42360, 1
42363, 2
42365, 1
42369, 1
42374, 1
42376, 2
42378, 1
42380, 1
42381, 1
42388, 2
42389, 1
42395, 1
42396, 1
42401, 1
42403, 2
42404, 1
42405, 1
42406, 1
42408, 1
42409, 1
42410, 1
42411, 1
42412, 1
42414, 1
42415, 2
42416, 1
42419, 1
42422, 1
42424, 1
42426, 1
42429, 1
42431, 1
42437, 2
42440, 1
42443, 2
42449, 1
42450, 2
42454, 1
42455, 1
42456, 1
42459, 1
42462, 2
42469, 1
42472, 1
42473, 2
42475, 1
42478, 1
42482, 1
42483, 1
42485, 1
42486, 1
42487, 1
42490, 2
42491, 1
42492, 1
42493, 1
42494, 3
42495, 1
42500, 1
42504, 1
42509, 1
42511, 1
42514, 1
42516, 1
42517, 2
42520, 1
42521, 2
42532, 1
42536, 1
42540, 1
42541, 1
42544, 1
42545, 1
42546, 1
42547, 1
42550, 2
42555, 1
42557, 1
42560, 2
42561, 1
42562, 1
42565, 1
42568, 1
42569, 1
42574, 1
42575, 1
42580, 1
42586, 1
42589, 1
42597, 2
42600, 1
42602, 1
42604, 1
42608, 1
42611, 1
42614, 1
42624, 1
42626, 1
42629, 1
42633, 1
42635, 1
42639, 1
42640, 2
42641, 1
42657, 1
42661, 1
42662, 1
42663, 2
42666, 2
42667, 3
42669, 1
42671, 1
42679, 1
42680, 1
42689, 1
42699, 1
42700, 1
42705, 1
42711, 2
42713, 1
42714, 1
42715, 1
42719, 1
42722, 1
42723, 1
42727, 1
42730, 1
42737, 1
42739, 2
42740, 1
42742, 1
42745, 1
42746, 1
42748, 2
42749, 1
42754, 1
42761, 2
42765, 1
42768, 2
42771, 1
42773, 1
42777, 1
42782, 1
42786, 1
42787, 1
42788, 1
42795, 2
42800, 1
42804, 1
42811, 1
42814, 1
42819, 2
42827, 1
42829, 3
42830, 1
42832, 1
42833, 1
42836, 1
42841, 1
42849, 1
42850, 3
42853, 2
42856, 1
42859, 1
42860, 1
42864, 1
42865, 2
42871, 1
42875, 1
42879, 1
42883, 1
42889, 1
42891, 1
42893, 1
42894, 1
42896, 1
42898, 2
42900, 3
42906, 1
42907, 2
42908, 1
42909, 1
42911, 1
42914, 1
42918, 1
42923, 1
42924, 1
42928, 2
42930, 1
42935, 1
42936, 1
42945, 1
42946, 2
42949, 1
42954, 2
42958, 1
42959, 1
42964, 2
42965, 1
42968, 1
42969, 1
42970, 1
42979, 1
42989, 1
42999, 1
43003, 1
43005, 1
43012, 2
43013, 1
43020, 1
43021, 1
43023, 1
43030, 1
43033, 2
43034, 2
43035, 1
43037, 1
43038, 2
43039, 3
43042, 1
43048, 1
43052, 2
43053, 1
43054, 1
43056, 3
43057, 1
43058, 2
43066, 1
43067, 1
43068, 1
43073, 1
43076, 1
43080, 2
43082, 1
43085, 1
43086, 1
43088, 1
43091, 1
43092, 1
43097, 1
43098, 3
43099, 1
43101, 2
43102, 1
43104, 2
43106, 1
43108, 1
43109, 1
43120, 2
43121, 1
43123, 1
43127, 1
43131, 1
43133, 1
43136, 2
43138, 1
43139, 1
43140, 1
43143, 1
43144, 1
43146, 1
43148, 1
43149, 1
43150, 2
43152, 1
43153, 1
43155, 3
43158, 1
43159, 1
43161, 2
43164, 1
43176, 1
43182, 1
43185, 2
43186, 1
43193, 1
43196, 1
43201, 1
43205, 1
43206, 1
43208, 1
43213, 2
43215, 2
43216, 1
43222, 1
43223, 1
43224, 1
43225, 1
43227, 1
43234, 1
43236, 1
43244, 2
43245, 1
43247, 1
43248, 1
43253, 1
43254, 1
43257, 1
43258, 1
43262, 1
43263, 1
43264, 1
43265, 1
43278, 2
43279, 1
43281, 1
43285, 1
43288, 1
43289, 1
43290, 1
43292, 1
43295, 1
43297, 1
43298, 1
43299, 1
43305, 1
43306, 1
43307, 1
43308, 1
43309, 1
43310, 1
43314, 1
43315, 1
43328, 1
43337, 1
43338, 1
43339, 1
43344, 1
43345, 2
43351, 1
43352, 1
43355, 1
43361, 1
43362, 1
43364, 1
43365, 1
43369, 1
43370, 1
43372, 2
43373, 1
43375, 1
43377, 1
43379, 1
43383, 2
43385, 1
43386, 1
43389, 1
43397, 2
43403, 1
43407, 1
43414, 1
43415, 2
43416, 1
43421, 1
43422, 1
43430, 1
43431, 1
43442, 1
43456, 1
43457, 1
43469, 1
43477, 2
43487, 1
43492, 1
43495, 1
43498, 2
43500, 1
43504, 1
43507, 1
43508, 1
43509, 1
43515, 2
43520, 3
43521, 1
43527, 2
43530, 2
43535, 1
43543, 1
43544, 1
43545, 1
43548, 1
43558, 1
43564, 3
43565, 2
43566, 3
43567, 1
43568, 2
43570, 1
43574, 2
43575, 1
43577, 1
43580, 1
43582, 2
43587, 2
43589, 1
43593, 1
43598, 1
43600, 1
43605, 1
43608, 1
43612, 1
43620, 1
43625, 1
43628, 1
43629, 1
43631, 1
43635, 1
43636, 1
43639, 2
43643, 2
43647, 1
43648, 2
43649, 1
43653, 1
43655, 1
43656, 1
43658, 1
43661, 1
43670, 1
43677, 2
43678, 2
43681, 1
43683, 1
43688, 1
43689, 1
43693, 1
43694, 1
43698, 1
43701, 1
43702, 1
43704, 2
43705, 1
43706, 2
43709, 1
43712, 1
43713, 1
43715, 1
43717, 1
43718, 1
43722, 1
43723, 2
43746, 1
43749, 2
43754, 1
43759, 1
43760, 1
43767, 1
43769, 3
43773, 1
43779, 1
43783, 1
43789, 1
43792, 1
43796, 1
43797, 1
43799, 1
43804, 1
43805, 1
43806, 1
43808, 1
43809, 1
43817, 1
43820, 1
43821, 1
43822, 1
43831, 1
43832, 1
43837, 1
43838, 1
43840, 1
43843, 1
43846, 1
43849, 1
43851, 1
43863, 1
43865, 1
43873, 2
43884, 1
43885, 1
43889, 1
43892, 2
43894, 2
43899, 1
43903, 1
43911, 1
43913, 2
43914, 1
43916, 1
43921, 1
43922, 2
43923, 2
43931, 1
43932, 1
43936, 1
43942, 1
43944, 1
43946, 1
43950, 1
43953, 1
43961, 2
43967, 1
43968, 1
43969, 1
43970, 1
43972, 1
43978, 1
43979, 1
43981, 1
43993, 1
43996, 1
44000, 1
44001, 1
44004, 2
44010, 1
44012, 1
44016, 1
44019, 1
44022, 1
44027, 1
44029, 2
44033, 1
44034, 3
44037, 1
44040, 3
44044, 1
44058, 1
44065, 1
44066, 1
44067, 1
44071, 1
44074, 1
44078, 1
44083, 1
44084, 1
44088, 1
44089, 1
44091, 1
44094, 1
44095, 1
44097, 1
44098, 1
44106, 1
44107, 1
44111, 1
44117, 1
44124, 1
44129, 1
44130, 1
44135, 2
44137, 2
44138, 1
44141, 1
44146, 1
44150, 1
44156, 1
44158, 1
44159, 1
44162, 1
44163, 1
44169, 1
44170, 3
44171, 1
44173, 1
44174, 1
44182, 2
44183, 1
44186, 1
44197, 1
44205, 1
44208, 1
44210, 3
44213, 1
44216, 1
44218, 1
44219, 1
44224, 1
44227, 2
44228, 1
44233, 1
44240, 2
44243, 1
44248, 1
44249, 1
44250, 1
44256, 2
44257, 1
44258, 1
44261, 1
44264, 1
44277, 1
44278, 1
44280, 1
44281, 2
44287, 1
44288, 1
44289, 1
44291, 1
44293, 2
44297, 1
44298, 1
44305, 1
44312, 2
44313, 1
44323, 1
44343, 1
44349, 1
44352, 1
44358, 1
44359, 1
44360, 1
44361, 2
44362, 1
44363, 1
44365, 2
44372, 1
44376, 1
44383, 1
44384, 1
44386, 1
44388, 1
44390, 1
44394, 1
44395, 1
44399, 1
44400, 2
44405, 2
44406, 1
44407, 1
44412, 1
44413, 1
44419, 1
44423, 1
44425, 1
44426, 1
44428, 1
44433, 1
44434, 1
44435, 2
44437, 1
44439, 1
44441, 1
44442, 3
44444, 1
44445, 2
44446, 2
44448, 1
44449, 1
44450, 1
44457, 1
44467, 2
44472, 1
44473, 1
44474, 1
44475, 1
44485, 1
44495, 1
44496, 2
44498, 1
44499, 1
44503, 1
44513, 1
44517, 1
44518, 1
44519, 1
44521, 1
44523, 2
44525, 1
44527, 2
44530, 1
44535, 2
44536, 1
44537, 2
44538, 1
44541, 1
44542, 1
44545, 1
44550, 1
44551, 1
44556, 1
44560, 2
44567, 1
44569, 1
44570, 1
44575, 1
44576, 1
44583, 1
44588, 1
44595, 2
44597, 2
44600, 1
44601, 1
44602, 1
44606, 1
44615, 1
44618, 1
44628, 1
44636, 1
44639, 2
44642, 1
44643, 1
44644, 1
44645, 1
44657, 1
44660, 1
44665, 2
44670, 2
44675, 1
44694, 2
44695, 1
44703, 1
44704, 1
44712, 1
44713, 2
44717, 1
44719, 1
44720, 1
44723, 1
44724, 1
44727, 1
44733, 1
44740, 1
44741, 1
44742, 3
44746, 1
44759, 2
44760, 1
44767, 1
44768, 1
44770, 1
44773, 1
44774, 1
44777, 1
44785, 1
44788, 1
44795, 1
44798, 1
44799, 1
44806, 1
44811, 1
44813, 2
44816, 2
44819, 1
44821, 1
44822, 1
44823, 2
44824, 1
44825, 1
44833, 1
44836, 1
44837, 2
44838, 1
44841, 1
44844, 1
44848, 1
44851, 1
44854, 1
44855, 1
44859, 1
44861, 2
44862, 2
44865, 1
44876, 1
44879, 1
44883, 1
44884, 1
44885, 1
44890, 1
44891, 1
44892, 1
44894, 1
44895, 1
44898, 1
44899, 1
44902, 1
44903, 2
44906, 1
44909, 1
44910, 1
44926, 2
44931, 1
44936, 1
44938, 1
44939, 3
44940, 1
44950, 1
44954, 1
44962, 1
44968, 2
44969, 1
44971, 1
44980, 1
44981, 1
44982, 1
44983, 1
44992, 2
44999, 1
45000, 1
45001, 1
45002, 1
45012, 2
45013, 1
45020, 1
45028, 1
45032, 1
45036, 1
45043, 1
45053, 1
45055, 1
45056, 1
45062, 1
45067, 1
45072, 1
45073, 1
45083, 1
45088, 1
45091, 1
45092, 1
45095, 1
45097, 2
45100, 1
45104, 1
45110, 1
45112, 1
45117, 1
45128, 1
45129, 1
45135, 1
45137, 1
45138, 1
45145, 1
45148, 1
45150, 1
45152, 1
45154, 1
45156, 1
45166, 1
45178, 1
45180, 1
45181, 1
45182, 1
45183, 1
45191, 1
45206, 1
45207, 1
45218, 1
45219, 1
45223, 1
45225, 1
45233, 1
45235, 1
45256, 1
45262, 1
45263, 1
45266, 1
45267, 1
45270, 1
45272, 2
45277, 1
45280, 1
45282, 1
45290, 2
45302, 1
45303, 1
45307, 1
45310, 1
45311, 1
45316, 1
45326, 1
45327, 1
45331, 2
45334, 1
45335, 1
45338, 1
45344, 1
45345, 1
45349, 1
45350, 1
45352, 1
45353, 1
45356, 1
45357, 2
45361, 2
45366, 1
45374, 1
45378, 1
45388, 2
45392, 1
45393, 2
45395, 1
45396, 1
45397, 1
45399, 1
45405, 2
45406, 1
45407, 2
45415, 1
45421, 1
45429, 2
45436, 1
45437, 1
45441, 1
45445, 1
45450, 1
45453, 1
45460, 1
45462, 1
45467, 2
45471, 1
45476, 2
45482, 1
45484, 1
45490, 1
45491, 1
45493, 1
45499, 1
45502, 1
45507, 1
45513, 1
45517, 2
45518, 1
45519, 1
45521, 1
45530, 1
45533, 1
45537, 1
45544, 1
45551, 1
45558, 1
45561, 1
45564, 2
45568, 1
45569, 1
45570, 1
45571, 1
45574, 1
45575, 1
45578, 1
45611, 1
45613, 1
45618, 1
45620, 1
45623, 1
45628, 2
45631, 2
45634, 1
45650, 1
45653, 1
45654, 1
45655, 1
45661, 1
45666, 1
45682, 1
45683, 1
45689, 1
45694, 1
45702, 1
45703, 2
45707, 1
45710, 1
45712, 1
45714, 1
45717, 1
45721, 1
45723, 1
45727, 1
45729, 2
45731, 1
45740, 1
45741, 1
45750, 1
45752, 1
45754, 1
45756, 1
45758, 1
45759, 1
45762, 1
45763, 1
45767, 2
45780, 1
45788, 1
45789, 1
45790, 1
45792, 1
45798, 1
45799, 2
45801, 2
45817, 1
45821, 1
45823, 2
45830, 2
45843, 1
45855, 1
45860, 1
45862, 1
45865, 1
45872, 1
45874, 1
45875, 1
45877, 1
45892, 1
45895, 1
45896, 1
45897, 1
45903, 1
45904, 1
45908, 1
45909, 1
45911, 1
45917, 1
45948, 1
45953, 1
45958, 1
45959, 1
45971, 1
45973, 1
45976, 1
45981, 1
45985, 1
45994, 1
46005, 1
46015, 1
46017, 1
46020, 1
46024, 1
46037, 1
46044, 1
46045, 1
46048, 2
46065, 1
46073, 1
46074, 1
46082, 1
46084, 1
46098, 1
46102, 1
46118, 1
46119, 1
46129, 1
46131, 1
46136, 1
46138, 1
46140, 1
46146, 1
46152, 2
46156, 1
46161, 1
46163, 1
46170, 1
46178, 1
46189, 1
46209, 1
46210, 1
46213, 1
46215, 1
46221, 1
46226, 1
46230, 1
46233, 1
46235, 1
46237, 1
46241, 1
46251, 1
46255, 1
46262, 1
46281, 1
46288, 1
46295, 1
46299, 1
46300, 1
46301, 1
46304, 1
46319, 1
46320, 1
46321, 1
46323, 1
46326, 3
46331, 1
46333, 1
46334, 1
46337, 1
46338, 1
46340, 1
46347, 1
46349, 2
46352, 2
46353, 1
46354, 1
46371, 1
46380, 1
46382, 1
46385, 1
46388, 1
46396, 2
46399, 1
46400, 1
46401, 1
46402, 1
46404, 1
46408, 2
46412, 1
46414, 1
46425, 1
46427, 1
46428, 1
46441, 1
46443, 1
46454, 1
46457, 1
46461, 1
46471, 1
46475, 1
46478, 1
46480, 1
46482, 1
46487, 1
46489, 1
46490, 2
46491, 1
46497, 1
46498, 1
46500, 1
46501, 1
46512, 1
46519, 1
46526, 1
46529, 1
46544, 1
46553, 1
46565, 1
46566, 1
46569, 1
46576, 1
46580, 1
46590, 1
46595, 1
46597, 1
46604, 1
46610, 1
46613, 1
46623, 1
46635, 1
46647, 1
46654, 1
46659, 2
46661, 1
46672, 1
46676, 1
46681, 1
46683, 1
46684, 1
46686, 1
46690, 1
46694, 1
46700, 1
46711, 1
46719, 2
46725, 1
46728, 1
46734, 1
46744, 1
46749, 1
46760, 1
46763, 1
46771, 1
46773, 1
46778, 1
46786, 1
46789, 1
46791, 1
46804, 1
46819, 1
46843, 1
46847, 1
46850, 1
46853, 1
46858, 1
46863, 1
46864, 1
46867, 1
46869, 1
46879, 1
46881, 1
46889, 1
46896, 1
46899, 1
46901, 1
46904, 1
46905, 1
46909, 1
46916, 1
46919, 1
46925, 1
46941, 1
46968, 1
46969, 1
46982, 1
46986, 1
47001, 1
47004, 1
47009, 1
47015, 1
47017, 1
47020, 1
47024, 1
47031, 1
47039, 1
47040, 1
47043, 1
47044, 1
47047, 1
47049, 1
47051, 1
47054, 1
47070, 1
47075, 1
47094, 1
47105, 1
47114, 1
47120, 1
47124, 1
47129, 1
47138, 2
47144, 1
47153, 1
47158, 1
47166, 1
47171, 1
47179, 1
47182, 1
47183, 2
47184, 1
47198, 1
47199, 1
47201, 1
47207, 1
47210, 1
47211, 1
47213, 1
47218, 1
47223, 1
47224, 1
47229, 1
47235, 1
47237, 1
47251, 1
47253, 1
47264, 1
47270, 1
47271, 1
47282, 1
47285, 1
47286, 1
47299, 1
47306, 1
47309, 1
47310, 1
47313, 1
47314, 1
47317, 1
47318, 1
47322, 1
47334, 1
47360, 1
47361, 1
47365, 1
47369, 1
47380, 1
47389, 1
47405, 1
47407, 1
47409, 1
47415, 1
47416, 1
47423, 1
47426, 1
47431, 1
47462, 2
47468, 1
47472, 2
47473, 1
47478, 2
47482, 1
47483, 1
47485, 1
47490, 1
47498, 1
47500, 1
47523, 1
47533, 1
47537, 1
47538, 1
47540, 1
47550, 1
47556, 2
47563, 1
47566, 1
47568, 1
47599, 1
47608, 2
47626, 1
47629, 1
47637, 2
47645, 1
47646, 1
47649, 1
47656, 2
47659, 1
47660, 1
47661, 1
47662, 1
47664, 1
47665, 1
47667, 1
47668, 1
47684, 1
47687, 1
47688, 1
47689, 1
47703, 1
47706, 1
47710, 2
47712, 2
47713, 2
47718, 1
47726, 1
47728, 2
47735, 1
47744, 1
47747, 1
47748, 1
47749, 1
47750, 1
47751, 1
47752, 2
47763, 1
47766, 1
47770, 1
47795, 1
47796, 1
47803, 1
47808, 1
47829, 1
47831, 1
47838, 1
47845, 1
47848, 1
47850, 1
47851, 1
47861, 1
47866, 1
47867, 1
47869, 2
47873, 1
47876, 1
47877, 1
47881, 1
47886, 1
47901, 1
47915, 1
47930, 2
47936, 1
47938, 1
47947, 1
47956, 1
47959, 1
47964, 1
47969, 1
47973, 1
47989, 1
47991, 1
47995, 1
48010, 1
48011, 1
48014, 1
48025, 2
48038, 1
48044, 1
48046, 1
48051, 1
48054, 1
48060, 1
48062, 1
48066, 1
48067, 1
48075, 1
48077, 1
48080, 1
48081, 1
48089, 1
48093, 1
48112, 1
48118, 1
48157, 1
48158, 2
48178, 1
48213, 1
48229, 1
48235, 1
48245, 1
48246, 2
48253, 1
48256, 1
48260, 2
48263, 1
48286, 2
48298, 1
48315, 1
48316, 2
48321, 1
48332, 1
48333, 1
48352, 1
48353, 1
48358, 1
48367, 1
48370, 1
48378, 2
48379, 1
48393, 1
48394, 1
48411, 1
48420, 1
48421, 1
48432, 1
48445, 1
48459, 1
48466, 1
48473, 1
48481, 1
48482, 1
48488, 1
48493, 1
48503, 1
48513, 1
48519, 1
48528, 1
48547, 1
48551, 1
48552, 1
48588, 1
48589, 1
48595, 1
48617, 1
48622, 1
48623, 1
48630, 1
48645, 1
48646, 1
48681, 1
48701, 1
48706, 1
48714, 1
48716, 1
48735, 1
48738, 1
48744, 1
48750, 1
48753, 1
48754, 1
48762, 1
48766, 1
48769, 1
48770, 1
48778, 1
48785, 1
48787, 1
48805, 1
48817, 1
48818, 1
48823, 1
48825, 2
48831, 1
48837, 1
48840, 1
48841, 1
48844, 1
48846, 1
48847, 1
48848, 1
48851, 1
48871, 1
48876, 1
48884, 1
48890, 1
48894, 1
48899, 1
48906, 1
48930, 1
48954, 1
48961, 1
48964, 1
48965, 1
48968, 1
48969, 1
48977, 1
48989, 1
49000, 1
49008, 1
49027, 2
49034, 1
49043, 1
49045, 1
49050, 2
49052, 1
49059, 1
49062, 1
49065, 1
49080, 1
49106, 1
49113, 1
49114, 1
49115, 1
49120, 1
49128, 1
49154, 1
49157, 1
49175, 1
49183, 1
49188, 1
49217, 1
49221, 1
49228, 1
49230, 1
49254, 1
49259, 1
49267, 1
49276, 1
49287, 1
49296, 1
49302, 1
49314, 1
49357, 1
49368, 1
49378, 1
49393, 1
49394, 1
49415, 1
49430, 1
49443, 2
49448, 1
49474, 1
49492, 1
49497, 1
49508, 1
49510, 1
49525, 2
49532, 1
49534, 2
49561, 1
49572, 1
49576, 1
49606, 1
49621, 1
49628, 2
49637, 1
49654, 1
49684, 1
49692, 1
49713, 1
49726, 1
49727, 1
49740, 2
49751, 1
49756, 1
49762, 1
49779, 1
49790, 1
49815, 1
49838, 1
49843, 1
49852, 1
49856, 1
49867, 1
49912, 1
49921, 1
49923, 1
49934, 1
49949, 1
49958, 1
49975, 1
49984, 1
49998, 1
50011, 1
50019, 1
50024, 1
50033, 1
50065, 1
50079, 1
50083, 1
50123, 1
50145, 1
50161, 1
50172, 1
50180, 1
50181, 1
50188, 1
50194, 1
50207, 1
50229, 1
50279, 1
50292, 1
50348, 1
50356, 1
50376, 1
50392, 2
50396, 1
50423, 1
50426, 1
50440, 1
50451, 1
50463, 1
50470, 1
50480, 1
50497, 1
50504, 1
50510, 1
50532, 1
50545, 1
50571, 1
50589, 1
50591, 1
50640, 1
50642, 1
50648, 1
50694, 1
50695, 1
50698, 1
50714, 1
50728, 1
50733, 1
50784, 1
50792, 1
50846, 1
50866, 1
50882, 1
50908, 1
50924, 1
50931, 1
50983, 1
51007, 1
51030, 1
51059, 1
51080, 1
51098, 1
51100, 1
51123, 1
51132, 1
51138, 2
51152, 1
51184, 1
51190, 1
51212, 1
51217, 1
51244, 1
51314, 1
51326, 1
51344, 1
51391, 1
51396, 1
51427, 1
51478, 1
51500, 1
51501, 1
51503, 1
51513, 1
51584, 1
51597, 1
51660, 1
51675, 1
51712, 1
51736, 1
51772, 1
51832, 1
51870, 1
51896, 1
51932, 1
51975, 1
52004, 1
52025, 1
52036, 1
52042, 1
52055, 1
52065, 1
52074, 1
52112, 1
52133, 1
52221, 1
52255, 1
52287, 1
52291, 1
52301, 1
52312, 1
52336, 1
52351, 1
52402, 1
52420, 1
52443, 1
52446, 1
52527, 1
52628, 1
52630, 1
52692, 1
52737, 1
52855, 1
52956, 1
53016, 1
53053, 1
53110, 1
53111, 1
53265, 1
53295, 1
53374, 1
53418, 1
53489, 1
53528, 1
53567, 1
53581, 1
53605, 1
53689, 1
53722, 1
53870, 1
53901, 1
53913, 1
54286, 1
54398, 1
54408, 1
54541, 1
54546, 1
54579, 1
54612, 1
54664, 1
54774, 1
54904, 1
55086, 1
55102, 1
55169, 1
55290, 1
55345, 1
55395, 1
55409, 1
55729, 1
55779, 1
56093, 1
57884, 1
