63206, 1
64776, 1
65467, 1
66873, 1
67419, 1
67608, 1
68831, 1
69772, 1
69849, 1
69861, 1
69985, 1
70079, 1
70486, 1
70543, 1
70983, 1
71090, 1
71121, 1
71135, 1
71254, 1
71312, 1
71442, 1
71453, 1
71466, 1
71468, 1
71526, 1
71659, 1
71769, 1
71817, 1
72168, 1
72614, 1
72656, 1
72687, 1
72689, 1
72727, 1
72729, 1
72777, 1
72878, 1
72890, 1
72948, 1
73032, 1
73149, 1
73164, 1
73196, 1
73197, 1
73205, 1
73229, 1
73269, 1
73347, 1
73353, 1
73392, 1
73411, 1
73500, 1
73539, 1
73560, 1
73610, 1
73644, 1
73745, 1
73803, 1
73842, 1
73953, 1
74206, 1
74214, 1
74313, 1
74408, 1
74442, 1
74545, 1
74546, 1
74552, 1
74574, 1
74627, 1
74683, 1
74701, 1
74740, 1
74742, 1
75047, 1
75194, 1
75238, 1
75302, 1
75398, 1
75463, 1
75494, 1
75499, 1
75514, 1
75551, 1
75573, 1
75584, 1
75628, 1
75703, 1
75743, 2
75774, 1
75788, 1
75810, 1
75814, 1
75818, 1
75819, 1
75840, 1
75848, 1
75890, 1
75891, 1
75903, 1
75917, 1
75938, 1
75967, 1
76060, 1
76103, 1
76189, 1
76203, 1
76230, 1
76291, 2
76306, 1
76317, 1
76326, 1
76380, 1
76389, 1
76399, 1
76405, 1
76457, 1
76495, 1
76518, 1
76556, 1
76586, 1
76591, 2
76605, 1
76620, 1
76676, 1
76718, 1
76745, 1
76748, 1
76772, 1
76778, 1
76808, 1
76813, 1
76821, 1
76822, 1
76829, 1
76837, 1
76841, 1
76869, 1
76888, 1
76898, 1
76904, 1
76907, 1
76916, 1
76966, 1
76983, 1
77005, 1
77012, 1
77013, 1
77039, 1
77042, 1
77046, 1
77069, 1
77076, 1
77116, 1
77119, 1
77121, 1
77151, 1
77163, 1
77188, 1
77207, 1
77240, 1
77255, 1
77289, 1
77312, 1
77334, 1
77348, 1
77402, 1
77428, 1
77438, 1
77462, 1
77480, 1
77486, 1
77524, 1
77551, 1
77553, 1
77595, 1
77613, 1
77614, 1
77620, 1
77653, 1
77691, 1
77703, 1
77706, 1
77716, 1
77719, 1
77727, 1
77744, 1
77809, 1
77830, 1
77866, 1
77870, 1
77878, 1
77900, 1
77966, 1
78032, 1
78038, 1
78054, 1
78057, 1
78071, 1
78073, 1
78075, 1
78080, 1
78085, 1
78089, 1
78124, 1
78156, 1
78173, 1
78180, 1
78186, 1
78199, 1
78214, 1
78221, 1
78236, 1
78250, 1
78279, 1
78288, 1
78292, 1
78316, 1
78327, 1
78345, 1
78351, 1
78352, 1
78358, 1
78363, 1
78378, 1
78395, 1
78401, 1
78414, 1
78426, 1
78429, 1
78434, 1
78435, 1
78442, 1
78459, 1
78469, 2
78471, 1
78506, 2
78507, 1
78529, 1
78579, 1
78586, 1
78588, 1
78599, 1
78606, 1
78648, 1
78656, 1
78704, 1
78708, 2
78709, 1
78715, 1
78723, 1
78737, 1
78746, 1
78752, 1
78755, 1
78763, 1
78810, 1
78901, 1
78914, 1
78919, 1
78922, 1
78939, 1
78953, 1
78961, 1
78965, 1
78970, 1
78972, 1
78975, 1
78991, 1
79009, 2
79012, 1
79070, 1
79081, 1
79082, 1
79099, 1
79122, 1
79127, 1
79129, 1
79170, 1
79177, 1
79182, 1
79183, 1
79184, 1
79190, 1
79213, 1
79237, 1
79256, 1
79257, 1
79269, 1
79272, 1
79273, 1
79279, 1
79291, 1
79302, 1
79311, 1
79325, 1
79326, 1
79330, 1
79331, 1
79343, 1
79362, 1
79381, 1
79386, 1
79388, 1
79432, 1
79461, 1
79466, 1
79473, 1
79504, 2
79520, 1
79529, 1
79547, 1
79582, 1
79587, 1
79596, 1
79606, 1
79608, 1
79614, 1
79616, 1
79617, 1
79639, 1
79646, 1
79670, 1
79672, 1
79685, 1
79689, 1
79691, 1
79694, 1
79706, 1
79711, 1
79736, 1
79742, 1
79744, 1
79757, 1
79759, 1
79793, 1
79794, 1
79804, 1
79811, 1
79819, 1
79820, 1
79823, 1
79830, 1
79837, 1
79843, 1
79844, 1
79845, 1
79846, 1
79855, 2
79861, 1
79867, 2
79875, 1
79904, 1
79927, 1
79936, 1
79940, 1
79953, 1
79985, 2
79992, 2
79995, 1
80016, 1
80017, 1
80038, 1
80047, 1
80061, 1
80065, 1
80066, 1
80078, 1
80094, 1
80100, 1
80113, 1
80147, 1
80165, 1
80181, 2
80185, 2
80191, 1
80194, 1
80199, 1
80200, 1
80205, 1
80210, 1
80221, 1
80223, 2
80224, 1
80267, 1
80268, 2
80287, 1
80288, 1
80294, 1
80303, 1
80307, 1
80309, 1
80313, 1
80322, 1
80332, 1
80380, 1
80387, 1
80408, 1
80413, 1
80426, 1
80428, 3
80433, 1
80437, 1
80438, 1
80446, 1
80454, 1
80463, 1
80520, 1
80525, 2
80529, 1
80538, 1
80540, 1
80541, 1
80572, 1
80574, 1
80588, 1
80590, 3
80591, 1
80592, 2
80607, 1
80608, 2
80611, 1
80630, 1
80633, 1
80637, 1
80654, 1
80701, 1
80703, 1
80705, 1
80710, 1
80713, 1
80718, 1
80720, 1
80734, 1
80737, 1
80738, 1
80746, 1
80752, 2
80758, 1
80764, 1
80775, 1
80779, 1
80786, 1
80796, 1
80808, 1
80821, 1
80826, 2
80837, 1
80847, 1
80862, 1
80865, 1
80879, 1
80890, 1
80892, 1
80903, 1
80917, 1
80921, 1
80924, 1
80932, 3
80938, 1
80939, 1
80940, 1
80947, 1
80953, 2
80964, 1
80972, 1
80975, 1
80992, 1
81004, 1
81046, 1
81048, 1
81050, 1
81079, 1
81083, 1
81085, 1
81095, 1
81100, 1
81106, 1
81107, 2
81108, 1
81113, 2
81123, 1
81134, 1
81137, 1
81165, 1
81175, 1
81176, 1
81177, 1
81185, 2
81193, 1
81195, 1
81198, 1
81199, 1
81219, 1
81247, 1
81260, 1
81263, 1
81282, 1
81286, 1
81290, 1
81293, 1
81311, 1
81321, 1
81330, 2
81333, 1
81339, 1
81340, 1
81345, 1
81347, 1
81351, 1
81353, 1
81359, 1
81377, 1
81382, 1
81392, 1
81418, 1
81426, 1
81432, 1
81434, 1
81443, 1
81447, 1
81454, 1
81455, 1
81459, 1
81472, 1
81476, 1
81517, 1
81519, 1
81524, 1
81541, 1
81545, 1
81561, 1
81565, 1
81566, 1
81569, 2
81570, 1
81593, 1
81594, 2
81604, 1
81606, 1
81607, 1
81611, 1
81614, 1
81621, 1
81627, 1
81637, 1
81663, 1
81667, 1
81671, 1
81676, 1
81684, 1
81688, 1
81692, 1
81700, 1
81704, 1
81708, 1
81712, 1
81723, 1
81729, 1
81738, 1
81742, 1
81745, 1
81746, 1
81753, 1
81759, 1
81792, 1
81797, 1
81810, 2
81811, 1
81814, 1
81815, 1
81820, 1
81829, 1
81830, 1
81839, 1
81840, 1
81841, 1
81845, 1
81852, 1
81855, 1
81867, 1
81872, 1
81880, 1
81882, 1
81894, 1
81895, 1
81904, 2
81930, 2
81948, 1
81951, 1
81958, 1
81961, 1
81963, 1
81965, 1
81966, 1
81975, 1
81978, 1
81984, 1
81993, 1
81997, 1
82000, 1
82005, 1
82008, 1
82020, 1
82029, 1
82030, 2
82038, 1
82041, 1
82043, 1
82047, 1
82053, 1
82060, 1
82064, 1
82075, 1
82077, 1
82082, 2
82086, 1
82087, 1
82090, 2
82093, 1
82105, 1
82107, 1
82110, 1
82112, 1
82118, 1
82121, 1
82124, 1
82126, 1
82131, 1
82132, 1
82145, 1
82152, 1
82154, 1
82166, 1
82175, 1
82176, 1
82179, 2
82180, 1
82182, 1
82196, 1
82204, 1
82213, 1
82217, 1
82221, 1
82243, 1
82251, 1
82263, 1
82264, 1
82267, 1
82271, 1
82273, 1
82278, 1
82289, 1
82293, 1
82302, 1
82306, 1
82318, 1
82320, 1
82323, 1
82340, 1
82359, 1
82361, 1
82362, 1
82364, 2
82371, 1
82374, 1
82377, 1
82378, 1
82390, 1
82395, 1
82399, 1
82409, 1
82416, 1
82420, 1
82423, 1
82424, 1
82431, 1
82440, 1
82442, 1
82444, 1
82449, 1
82450, 1
82463, 1
82468, 2
82471, 1
82473, 1
82477, 1
82482, 1
82496, 1
82498, 1
82499, 1
82505, 1
82517, 1
82523, 1
82528, 2
82531, 1
82536, 1
82540, 1
82542, 1
82549, 1
82557, 1
82558, 1
82559, 1
82564, 1
82570, 1
82572, 1
82575, 1
82576, 1
82598, 1
82604, 1
82616, 1
82624, 1
82626, 1
82640, 1
82641, 1
82644, 1
82650, 1
82658, 1
82662, 1
82663, 1
82667, 1
82678, 1
82684, 1
82691, 1
82698, 1
82703, 2
82709, 2
82722, 1
82735, 1
82740, 1
82741, 1
82744, 1
82746, 1
82758, 1
82759, 1
82777, 1
82779, 2
82786, 1
82787, 1
82789, 1
82797, 1
82801, 1
82809, 1
82813, 1
82828, 1
82834, 1
82839, 1
82855, 1
82859, 1
82863, 1
82867, 1
82901, 1
82904, 1
82910, 2
82921, 2
82925, 1
82936, 1
82939, 1
82940, 1
82962, 1
82968, 1
82975, 1
82978, 1
82980, 2
82983, 1
82984, 2
82995, 1
82997, 1
83001, 1
83005, 1
83009, 1
83012, 1
83018, 1
83020, 1
83022, 1
83027, 1
83039, 2
83043, 1
83054, 1
83057, 1
83061, 1
83064, 1
83075, 1
83079, 2
83083, 1
83092, 1
83109, 1
83121, 1
83126, 2
83128, 1
83143, 1
83148, 1
83156, 1
83166, 1
83170, 3
83175, 1
83180, 2
83184, 1
83186, 1
83188, 1
83190, 1
83201, 1
83206, 1
83210, 1
83211, 1
83217, 1
83223, 1
83224, 1
83237, 1
83240, 2
83253, 1
83274, 2
83275, 1
83285, 1
83289, 1
83301, 1
83311, 1
83313, 1
83316, 1
83328, 1
83329, 1
83335, 1
83339, 1
83340, 1
83341, 1
83351, 1
83352, 1
83357, 1
83358, 1
83365, 2
83367, 1
83370, 1
83382, 1
83385, 1
83390, 1
83393, 1
83410, 2
83411, 1
83412, 1
83422, 1
83423, 1
83425, 1
83434, 1
83444, 2
83450, 1
83456, 1
83459, 1
83467, 1
83474, 1
83480, 1
83484, 1
83486, 1
83490, 1
83491, 2
83498, 1
83501, 1
83503, 1
83505, 1
83518, 1
83521, 1
83541, 1
83542, 1
83548, 1
83549, 1
83558, 1
83562, 1
83567, 1
83579, 1
83590, 1
83592, 1
83594, 1
83598, 1
83602, 1
83603, 1
83604, 1
83605, 2
83612, 1
83619, 2
83623, 1
83626, 1
83628, 2
83631, 1
83637, 2
83639, 1
83643, 1
83645, 2
83649, 1
83658, 1
83660, 1
83661, 2
83664, 2
83668, 1
83669, 1
83676, 1
83678, 1
83679, 1
83680, 1
83684, 1
83691, 1
83692, 2
83696, 1
83697, 1
83699, 1
83704, 1
83711, 1
83715, 1
83737, 1
83738, 1
83740, 1
83751, 1
83752, 1
83755, 1
83756, 1
83761, 1
83772, 1
83774, 1
83780, 1
83784, 2
83787, 1
83800, 1
83814, 1
83818, 1
83832, 1
83835, 1
83837, 1
83838, 1
83843, 1
83844, 2
83846, 1
83848, 1
83850, 1
83863, 1
83865, 1
83869, 1
83873, 1
83878, 2
83880, 1
83881, 1
83882, 1
83889, 1
83893, 1
83895, 1
83900, 1
83903, 1
83906, 1
83908, 1
83910, 1
83917, 2
83924, 1
83928, 1
83930, 1
83931, 1
83932, 1
83938, 1
83939, 1
83945, 1
83947, 1
83950, 1
83952, 1
83953, 1
83958, 1
83965, 1
83968, 2
83971, 1
83977, 1
83979, 1
83981, 1
83982, 2
83983, 1
83989, 1
83991, 1
83994, 1
84001, 1
84003, 1
84007, 1
84012, 1
84016, 1
84020, 1
84025, 1
84026, 1
84033, 1
84035, 1
84048, 1
84050, 1
84053, 2
84059, 1
84062, 1
84063, 1
84064, 1
84067, 3
84084, 1
84089, 1
84091, 1
84092, 1
84094, 2
84100, 1
84103, 1
84113, 1
84118, 1
84119, 1
84120, 1
84132, 1
84141, 1
84143, 1
84147, 1
84164, 2
84174, 1
84177, 1
84188, 1
84199, 1
84206, 1
84209, 1
84210, 1
84223, 1
84234, 1
84236, 1
84237, 1
84244, 1
84247, 1
84250, 1
84253, 1
84259, 1
84267, 2
84269, 1
84274, 1
84278, 1
84281, 1
84283, 1
84286, 1
84287, 1
84294, 1
84307, 1
84308, 1
84311, 1
84316, 1
84317, 1
84321, 1
84337, 1
84338, 1
84339, 1
84341, 1
84343, 1
84344, 1
84350, 1
84355, 1
84362, 1
84365, 2
84377, 1
84379, 1
84389, 1
84391, 1
84392, 1
84393, 1
84396, 1
84397, 1
84399, 1
84400, 1
84403, 3
84405, 1
84410, 1
84413, 1
84415, 2
84422, 1
84431, 1
84434, 1
84443, 1
84451, 1
84459, 1
84462, 1
84464, 1
84467, 1
84471, 1
84473, 1
84475, 1
84476, 2
84490, 1
84508, 1
84526, 1
84544, 2
84552, 2
84557, 1
84566, 1
84567, 1
84569, 1
84572, 1
84574, 1
84575, 1
84578, 1
84579, 1
84580, 1
84583, 1
84587, 2
84591, 1
84592, 1
84593, 1
84598, 1
84615, 1
84616, 1
84618, 1
84623, 1
84625, 1
84629, 1
84631, 1
84634, 3
84637, 1
84641, 1
84642, 1
84643, 1
84650, 2
84661, 1
84668, 1
84674, 1
84690, 1
84696, 1
84698, 1
84700, 1
84704, 1
84709, 1
84713, 1
84724, 2
84735, 1
84737, 1
84750, 1
84755, 1
84756, 1
84760, 1
84762, 1
84764, 1
84765, 1
84767, 1
84769, 2
84771, 1
84783, 1
84790, 1
84792, 1
84793, 1
84794, 1
84798, 1
84801, 1
84808, 1
84818, 1
84825, 1
84826, 1
84833, 1
84847, 1
84859, 1
84870, 1
84873, 1
84880, 2
84885, 1
84894, 2
84898, 2
84902, 2
84908, 1
84910, 1
84913, 1
84914, 1
84916, 1
84920, 1
84925, 1
84927, 1
84931, 1
84938, 1
84939, 1
84945, 1
84951, 1
84954, 2
84957, 1
84964, 1
84965, 1
84967, 1
84968, 1
84969, 1
84971, 1
84988, 1
84989, 1
84990, 1
84999, 1
85005, 1
85008, 1
85009, 1
85011, 1
85012, 1
85016, 1
85019, 1
85024, 2
85027, 1
85029, 1
85036, 1
85040, 1
85042, 3
85043, 2
85044, 1
85051, 1
85053, 1
85069, 1
85072, 1
85077, 1
85083, 1
85085, 1
85086, 1
85090, 1
85094, 1
85095, 2
85104, 1
85105, 1
85114, 2
85116, 1
85122, 1
85123, 1
85128, 1
85130, 1
85131, 1
85134, 2
85141, 1
85155, 1
85156, 1
85167, 1
85176, 1
85179, 2
85183, 1
85184, 1
85188, 1
85192, 1
85193, 1
85199, 1
85200, 1
85202, 1
85203, 1
85206, 1
85208, 1
85214, 2
85215, 1
85218, 1
85219, 1
85227, 1
85230, 1
85233, 1
85234, 1
85236, 1
85242, 1
85244, 1
85248, 1
85250, 1
85254, 1
85256, 1
85257, 1
85261, 1
85264, 1
85265, 1
85267, 1
85271, 1
85273, 1
85276, 1
85277, 2
85279, 1
85281, 1
85282, 1
85287, 1
85289, 1
85290, 1
85292, 1
85298, 1
85301, 1
85309, 1
85315, 1
85319, 1
85325, 1
85326, 1
85329, 1
85330, 1
85334, 1
85338, 1
85345, 1
85348, 1
85349, 1
85354, 1
85358, 1
85360, 1
85365, 2
85367, 1
85373, 1
85374, 2
85379, 1
85388, 1
85389, 1
85395, 1
85398, 2
85404, 1
85409, 1
85410, 1
85412, 1
85413, 1
85421, 1
85427, 2
85429, 2
85432, 1
85434, 1
85435, 1
85441, 1
85446, 1
85448, 1
85453, 1
85454, 2
85460, 1
85464, 1
85465, 2
85468, 2
85469, 1
85472, 1
85474, 1
85476, 1
85477, 1
85481, 1
85482, 2
85494, 1
85499, 1
85504, 2
85507, 1
85515, 1
85517, 2
85518, 1
85520, 1
85523, 1
85524, 1
85532, 1
85536, 2
85542, 1
85544, 1
85547, 1
85548, 1
85550, 1
85551, 2
85555, 2
85559, 1
85560, 3
85563, 2
85570, 1
85571, 1
85576, 1
85578, 1
85580, 1
85583, 1
85585, 2
85586, 1
85587, 1
85592, 1
85598, 1
85599, 1
85600, 1
85602, 1
85611, 1
85614, 1
85619, 1
85620, 1
85625, 1
85628, 1
85629, 1
85633, 1
85639, 1
85645, 1
85647, 2
85650, 2
85652, 1
85653, 1
85656, 1
85657, 1
85658, 1
85663, 1
85667, 1
85672, 1
85675, 1
85679, 1
85684, 1
85686, 1
85687, 1
85691, 1
85700, 1
85703, 1
85704, 1
85705, 1
85708, 1
85709, 1
85710, 2
85715, 1
85717, 1
85719, 2
85721, 1
85722, 1
85723, 1
85727, 1
85730, 1
85744, 1
85746, 1
85752, 1
85755, 2
85756, 2
85760, 1
85763, 1
85765, 1
85772, 2
85783, 2
85790, 1
85793, 3
85794, 1
85795, 1
85796, 1
85798, 1
85799, 1
85803, 1
85809, 2
85812, 1
85814, 1
85818, 1
85821, 1
85824, 1
85826, 2
85832, 1
85833, 1
85834, 1
85838, 2
85847, 1
85849, 1
85851, 1
85858, 1
85868, 1
85870, 1
85872, 1
85874, 1
85877, 1
85880, 1
85881, 1
85893, 1
85895, 1
85896, 1
85899, 1
85902, 1
85907, 2
85912, 1
85913, 1
85920, 1
85921, 2
85924, 1
85928, 1
85930, 1
85943, 1
85947, 1
85948, 2
85952, 1
85954, 2
85955, 2
85956, 1
85958, 1
85962, 1
85963, 1
85968, 1
85972, 1
85975, 1
85977, 1
85986, 1
85988, 1
85993, 1
85995, 1
86003, 1
86006, 2
86007, 2
86012, 1
86015, 1
86017, 1
86021, 2
86028, 1
86032, 1
86040, 2
86041, 1
86043, 1
86046, 1
86049, 2
86052, 2
86054, 1
86063, 1
86069, 1
86071, 1
86073, 2
86079, 1
86085, 1
86087, 1
86089, 1
86091, 1
86092, 1
86093, 1
86095, 2
86098, 1
86102, 1
86104, 1
86105, 1
86106, 1
86107, 1
86108, 2
86109, 1
86113, 1
86115, 1
86128, 1
86129, 1
86132, 1
86134, 3
86138, 1
86143, 2
86144, 1
86153, 1
86154, 1
86159, 1
86160, 1
86162, 1
86167, 1
86168, 2
86169, 2
86176, 1
86180, 2
86182, 2
86183, 1
86184, 1
86196, 1
86199, 1
86201, 1
86203, 1
86210, 1
86220, 1
86221, 1
86223, 1
86225, 1
86233, 2
86239, 1
86242, 1
86254, 2
86261, 1
86276, 1
86278, 1
86283, 1
86294, 1
86297, 1
86299, 1
86301, 3
86304, 3
86305, 1
86307, 2
86314, 2
86317, 1
86321, 1
86326, 1
86328, 1
86332, 1
86334, 2
86335, 1
86337, 1
86342, 3
86349, 1
86354, 2
86358, 1
86361, 1
86362, 1
86365, 1
86366, 2
86368, 1
86371, 1
86372, 2
86373, 1
86375, 1
86378, 1
86381, 1
86392, 2
86399, 2
86400, 1
86409, 1
86410, 2
86420, 1
86421, 1
86427, 1
86431, 1
86435, 2
86446, 1
86449, 1
86450, 1
86455, 2
86456, 1
86457, 1
86460, 1
86461, 1
86464, 1
86467, 1
86470, 1
86473, 1
86476, 1
86477, 1
86478, 1
86480, 3
86484, 2
86485, 1
86493, 1
86494, 1
86498, 1
86499, 1
86501, 1
86512, 2
86513, 1
86519, 2
86523, 1
86525, 1
86542, 1
86546, 1
86551, 2
86556, 1
86558, 1
86564, 1
86567, 1
86568, 1
86570, 1
86571, 1
86577, 1
86578, 1
86583, 1
86589, 1
86590, 1
86591, 1
86592, 2
86597, 1
86605, 1
86609, 3
86619, 1
86621, 1
86622, 1
86629, 2
86632, 1
86634, 2
86635, 1
86639, 1
86640, 2
86647, 1
86651, 1
86652, 1
86654, 1
86656, 1
86661, 1
86666, 1
86667, 1
86669, 1
86671, 1
86687, 1
86689, 1
86692, 1
86694, 2
86696, 1
86699, 1
86701, 1
86708, 1
86710, 1
86716, 1
86722, 2
86724, 1
86725, 3
86726, 1
86728, 1
86729, 1
86733, 1
86735, 2
86736, 1
86739, 1
86746, 1
86751, 2
86753, 1
86754, 1
86755, 1
86758, 1
86759, 1
86762, 1
86764, 1
86765, 1
86769, 2
86770, 1
86773, 1
86778, 1
86779, 1
86782, 2
86784, 1
86788, 1
86792, 1
86793, 1
86796, 1
86797, 1
86799, 2
86813, 1
86817, 1
86820, 1
86822, 1
86825, 1
86831, 1
86832, 1
86833, 1
86837, 1
86850, 1
86854, 1
86856, 1
86863, 1
86868, 2
86869, 1
86880, 1
86881, 1
86883, 1
86885, 1
86895, 1
86897, 1
86899, 1
86900, 1
86903, 2
86908, 1
86910, 1
86914, 2
86917, 1
86929, 2
86935, 1
86936, 1
86940, 1
86947, 1
86949, 1
86956, 1
86968, 1
86972, 2
86973, 1
86977, 1
86978, 2
86989, 1
87002, 1
87009, 1
87013, 1
87016, 2
87018, 1
87023, 1
87025, 1
87027, 1
87032, 1
87034, 1
87038, 1
87044, 1
87046, 1
87048, 1
87053, 2
87057, 2
87062, 1
87063, 1
87067, 1
87072, 1
87075, 1
87078, 1
87079, 1
87080, 1
87083, 2
87086, 1
87091, 2
87098, 1
87104, 1
87105, 1
87106, 2
87107, 1
87108, 2
87109, 1
87114, 2
87116, 1
87117, 1
87126, 1
87130, 1
87137, 1
87142, 1
87147, 1
87153, 1
87157, 1
87166, 1
87170, 1
87171, 1
87179, 2
87181, 1
87188, 1
87197, 1
87198, 1
87200, 1
87206, 2
87210, 1
87211, 1
87212, 1
87215, 1
87221, 1
87226, 1
87233, 1
87240, 1
87259, 1
87263, 1
87266, 1
87268, 1
87270, 1
87278, 1
87280, 1
87286, 2
87287, 2
87290, 1
87291, 1
87295, 1
87297, 3
87298, 2
87300, 1
87301, 1
87305, 1
87310, 2
87315, 1
87319, 1
87320, 1
87321, 1
87332, 1
87333, 2
87336, 1
87338, 1
87347, 2
87349, 1
87353, 1
87355, 1
87363, 1
87366, 1
87368, 1
87369, 1
87371, 1
87372, 1
87375, 2
87377, 1
87380, 1
87381, 2
87382, 1
87386, 1
87388, 1
87393, 1
87397, 1
87398, 1
87400, 2
87409, 1
87410, 2
87412, 1
87415, 1
87418, 1
87419, 2
87422, 2
87426, 2
87428, 1
87432, 1
87433, 2
87435, 1
87440, 1
87444, 1
87446, 1
87450, 1
87451, 1
87453, 1
87463, 1
87467, 2
87468, 1
87478, 1
87481, 1
87485, 1
87487, 1
87489, 1
87492, 1
87500, 1
87502, 1
87503, 1
87504, 1
87505, 3
87509, 1
87516, 1
87518, 1
87519, 1
87520, 1
87527, 2
87528, 1
87530, 1
87532, 1
87534, 1
87538, 1
87541, 2
87547, 1
87548, 1
87551, 2
87553, 2
87556, 1
87565, 1
87566, 1
87569, 2
87571, 1
87576, 1
87581, 1
87583, 1
87584, 1
87586, 1
87588, 2
87598, 2
87599, 1
87605, 1
87608, 1
87610, 1
87617, 2
87618, 1
87619, 2
87621, 1
87625, 2
87626, 1
87630, 1
87634, 2
87637, 1
87638, 1
87643, 1
87648, 1
87653, 2
87675, 1
87679, 1
87683, 1
87687, 1
87688, 1
87690, 1
87691, 1
87692, 1
87693, 3
87695, 1
87696, 1
87698, 1
87700, 1
87706, 1
87707, 1
87713, 1
87717, 1
87718, 1
87720, 1
87721, 1
87722, 1
87723, 1
87726, 1
87730, 1
87733, 1
87735, 1
87736, 2
87743, 1
87744, 1
87746, 1
87749, 1
87751, 1
87758, 1
87759, 2
87762, 2
87768, 2
87772, 1
87773, 1
87775, 1
87776, 2
87777, 1
87779, 2
87783, 1
87787, 1
87790, 1
87791, 1
87792, 1
87795, 1
87801, 1
87808, 1
87811, 1
87813, 1
87816, 1
87821, 2
87830, 1
87831, 2
87832, 1
87834, 2
87840, 1
87846, 1
87847, 1
87848, 1
87850, 1
87855, 1
87857, 1
87858, 1
87862, 1
87864, 1
87866, 1
87868, 1
87870, 1
87875, 1
87878, 1
87880, 1
87881, 1
87882, 1
87884, 1
87885, 1
87886, 1
87893, 2
87894, 2
87897, 1
87898, 1
87899, 1
87901, 1
87906, 1
87907, 1
87908, 1
87910, 1
87912, 1
87913, 2
87917, 1
87924, 1
87927, 1
87930, 1
87932, 1
87934, 1
87941, 1
87942, 1
87944, 2
87948, 2
87951, 1
87952, 1
87953, 1
87954, 1
87957, 1
87959, 1
87964, 1
87969, 1
87971, 2
87972, 1
87973, 1
87974, 1
87978, 1
87982, 1
87989, 1
87994, 1
87995, 1
87996, 1
88007, 1
88008, 1
88009, 1
88010, 1
88011, 1
88013, 1
88014, 1
88015, 1
88017, 1
88018, 1
88021, 1
88024, 1
88025, 2
88029, 2
88033, 1
88035, 2
88040, 1
88044, 2
88054, 2
88058, 1
88068, 1
88069, 1
88070, 1
88071, 2
88072, 1
88077, 1
88082, 1
88083, 1
88088, 2
88091, 1
88099, 1
88101, 1
88102, 1
88104, 1
88106, 1
88107, 3
88108, 1
88109, 1
88110, 2
88111, 1
88113, 2
88121, 1
88122, 1
88124, 1
88127, 1
88128, 1
88129, 1
88137, 1
88139, 2
88140, 1
88143, 1
88150, 1
88151, 1
88157, 2
88160, 1
88166, 1
88174, 1
88177, 1
88182, 1
88189, 2
88190, 3
88192, 1
88196, 3
88197, 2
88198, 2
88200, 1
88202, 1
88204, 1
88205, 1
88206, 1
88209, 1
88212, 1
88215, 1
88216, 1
88218, 1
88220, 1
88225, 1
88227, 1
88230, 1
88233, 1
88241, 2
88243, 1
88250, 2
88251, 1
88252, 2
88257, 1
88265, 2
88267, 3
88272, 1
88274, 3
88275, 2
88277, 1
88279, 1
88280, 1
88281, 1
88289, 1
88302, 1
88304, 1
88305, 1
88308, 2
88312, 1
88317, 2
88319, 1
88323, 1
88325, 1
88327, 1
88334, 1
88338, 1
88346, 2
88348, 1
88354, 1
88355, 1
88356, 1
88357, 1
88359, 1
88361, 1
88364, 2
88368, 2
88371, 1
88373, 1
88376, 1
88378, 1
88380, 1
88391, 1
88393, 1
88395, 1
88397, 1
88398, 1
88401, 1
88404, 1
88406, 2
88409, 1
88412, 2
88417, 1
88420, 1
88421, 1
88422, 1
88423, 1
88425, 1
88426, 1
88431, 1
88432, 1
88434, 2
88436, 1
88439, 1
88441, 1
88442, 1
88443, 1
88445, 1
88448, 1
88449, 1
88452, 1
88454, 2
88461, 1
88462, 1
88463, 1
88466, 1
88471, 1
88474, 2
88475, 1
88479, 1
88481, 2
88484, 2
88488, 1
88490, 2
88493, 1
88497, 1
88499, 1
88500, 1
88501, 1
88503, 1
88504, 1
88508, 1
88510, 1
88512, 1
88513, 1
88514, 1
88517, 2
88519, 1
88522, 1
88531, 1
88534, 2
88537, 1
88540, 1
88542, 2
88546, 1
88547, 1
88548, 1
88551, 1
88552, 1
88553, 1
88554, 2
88559, 1
88560, 2
88563, 1
88565, 2
88568, 1
88571, 2
88574, 1
88575, 1
88578, 1
88579, 1
88581, 1
88583, 1
88585, 1
88586, 1
88588, 1
88592, 3
88594, 1
88603, 1
88605, 1
88607, 2
88613, 1
88614, 1
88616, 2
88618, 1
88623, 2
88624, 1
88626, 1
88627, 1
88630, 1
88632, 1
88633, 1
88636, 1
88637, 1
88646, 2
88649, 2
88650, 2
88652, 1
88653, 1
88654, 1
88657, 1
88658, 1
88659, 1
88661, 2
88662, 1
88666, 1
88667, 2
88669, 2
88672, 2
88673, 2
88676, 1
88681, 1
88683, 3
88686, 1
88687, 2
88698, 1
88701, 1
88703, 1
88706, 1
88710, 1
88714, 1
88716, 1
88718, 1
88722, 1
88724, 1
88728, 2
88731, 1
88734, 1
88736, 1
88737, 1
88738, 1
88740, 3
88743, 2
88744, 1
88747, 1
88748, 1
88749, 1
88750, 1
88752, 1
88756, 1
88757, 1
88763, 1
88765, 2
88769, 1
88770, 1
88771, 1
88773, 1
88775, 1
88779, 1
88785, 1
88788, 1
88789, 2
88790, 3
88791, 2
88793, 1
88798, 1
88799, 1
88802, 1
88806, 1
88812, 1
88813, 1
88817, 2
88822, 1
88823, 1
88824, 2
88826, 1
88827, 1
88831, 1
88832, 1
88835, 1
88836, 1
88837, 3
88838, 1
88839, 1
88840, 1
88841, 2
88843, 1
88845, 1
88846, 1
88847, 2
88849, 1
88857, 1
88863, 1
88865, 1
88872, 1
88873, 1
88875, 2
88876, 1
88884, 1
88885, 2
88889, 2
88891, 1
88892, 2
88896, 2
88899, 1
88900, 1
88902, 1
88907, 1
88911, 2
88912, 1
88915, 1
88916, 1
88917, 2
88924, 3
88926, 1
88928, 1
88931, 1
88934, 2
88940, 1
88942, 1
88946, 1
88950, 1
88951, 2
88952, 1
88953, 1
88959, 1
88961, 1
88962, 2
88964, 1
88968, 2
88972, 1
88975, 1
88976, 1
88977, 4
88983, 1
88987, 1
88988, 1
88989, 1
88993, 2
88997, 1
89000, 1
89001, 2
89002, 1
89005, 1
89011, 1
89014, 1
89018, 1
89019, 1
89020, 1
89021, 1
89022, 2
89024, 1
89029, 2
89033, 3
89034, 1
89041, 1
89046, 1
89048, 1
89049, 1
89050, 1
89052, 1
89058, 2
89059, 1
89060, 1
89064, 1
89069, 2
89070, 1
89072, 1
89076, 1
89077, 1
89081, 1
89086, 2
89091, 1
89097, 1
89105, 1
89107, 1
89108, 2
89109, 1
89110, 1
89111, 1
89112, 1
89115, 1
89116, 1
89122, 2
89127, 1
89133, 1
89136, 2
89137, 1
89143, 1
89144, 1
89145, 1
89149, 1
89151, 2
89157, 1
89161, 1
89164, 1
89168, 1
89169, 1
89170, 1
89173, 1
89178, 1
89181, 1
89183, 1
89187, 1
89188, 1
89189, 1
89196, 1
89199, 1
89201, 1
89203, 1
89205, 1
89206, 1
89208, 1
89210, 1
89211, 1
89212, 1
89215, 1
89222, 1
89226, 1
89227, 1
89230, 1
89231, 2
89232, 1
89233, 2
89234, 1
89238, 1
89240, 1
89241, 1
89242, 1
89244, 1
89246, 1
89248, 1
89250, 2
89253, 1
89256, 1
89258, 1
89259, 1
89260, 1
89263, 3
89271, 1
89273, 2
89275, 1
89277, 2
89284, 2
89288, 1
89289, 1
89290, 1
89292, 2
89294, 1
89295, 2
89297, 1
89299, 1
89300, 1
89301, 1
89306, 1
89308, 1
89312, 2
89316, 1
89317, 1
89321, 1
89326, 1
89329, 1
89331, 1
89334, 2
89338, 1
89341, 1
89348, 1
89353, 1
89354, 1
89355, 1
89358, 1
89362, 3
89363, 2
89366, 1
89368, 2
89373, 3
89375, 2
89376, 1
89378, 1
89379, 3
89380, 1
89381, 1
89385, 1
89386, 1
89387, 2
89390, 1
89391, 2
89392, 1
89393, 1
89395, 1
89398, 1
89405, 1
89411, 1
89413, 2
89414, 2
89415, 2
89416, 1
89417, 3
89418, 2
89420, 1
89424, 3
89425, 1
89426, 1
89433, 2
89435, 1
89436, 1
89437, 1
89438, 1
89440, 1
89442, 1
89446, 1
89447, 1
89449, 1
89450, 1
89451, 2
89452, 1
89453, 1
89456, 2
89458, 1
89464, 1
89467, 1
89469, 1
89470, 1
89471, 1
89478, 1
89481, 1
89482, 2
89483, 1
89484, 1
89486, 2
89490, 1
89491, 1
89492, 1
89493, 1
89494, 1
89495, 2
89496, 2
89497, 1
89498, 1
89500, 1
89503, 1
89505, 2
89507, 1
89509, 1
89514, 1
89521, 2
89522, 1
89525, 2
89530, 2
89532, 1
89541, 2
89546, 1
89548, 2
89556, 1
89557, 1
89558, 1
89559, 2
89563, 1
89566, 1
89568, 1
89569, 1
89575, 1
89577, 1
89578, 1
89584, 1
89587, 1
89588, 1
89593, 1
89600, 2
89602, 1
89603, 1
89604, 1
89606, 1
89608, 1
89612, 2
89613, 1
89621, 1
89622, 2
89623, 1
89628, 1
89631, 2
89632, 1
89637, 1
89638, 1
89643, 1
89645, 1
89646, 2
89647, 1
89651, 1
89653, 1
89655, 1
89659, 1
89661, 2
89663, 2
89664, 2
89665, 2
89666, 1
89668, 1
89674, 1
89677, 1
89678, 1
89680, 1
89685, 1
89686, 2
89691, 1
89696, 1
89697, 1
89699, 1
89703, 2
89704, 1
89712, 1
89713, 1
89714, 1
89717, 1
89719, 1
89721, 2
89725, 2
89726, 1
89729, 2
89730, 1
89732, 1
89735, 1
89738, 1
89739, 1
89740, 1
89742, 1
89743, 1
89744, 1
89753, 2
89755, 1
89756, 1
89757, 1
89764, 2
89765, 2
89769, 1
89772, 1
89775, 1
89776, 1
89777, 2
89780, 1
89783, 1
89784, 1
89788, 1
89790, 1
89793, 2
89795, 1
89797, 1
89799, 1
89802, 2
89803, 1
89808, 1
89811, 3
89813, 2
89816, 1
89817, 1
89819, 1
89821, 1
89822, 2
89826, 3
89830, 1
89832, 1
89837, 1
89838, 3
89844, 2
89849, 1
89850, 1
89852, 1
89855, 2
89857, 1
89858, 1
89861, 1
89862, 1
89865, 1
89866, 1
89867, 1
89868, 1
89869, 1
89870, 2
89873, 1
89874, 1
89875, 2
89878, 3
89879, 1
89881, 1
89882, 1
89884, 1
89892, 2
89893, 1
89898, 1
89900, 2
89905, 1
89906, 1
89909, 1
89913, 1
89918, 2
89920, 1
89921, 1
89922, 1
89927, 1
89928, 1
89931, 1
89933, 1
89934, 1
89938, 1
89939, 1
89941, 1
89942, 2
89944, 1
89947, 1
89949, 1
89952, 1
89962, 1
89967, 2
89968, 1
89969, 2
89977, 1
89978, 1
89982, 2
89987, 1
89988, 3
89989, 1
89991, 2
89992, 1
89994, 1
89995, 1
89997, 3
89999, 1
90003, 2
90011, 1
90012, 2
90014, 1
90016, 1
90019, 1
90020, 1
90022, 2
90025, 3
90026, 2
90027, 1
90034, 1
90037, 1
90040, 1
90042, 1
90046, 2
90047, 2
90049, 2
90051, 1
90052, 1
90053, 1
90054, 1
90056, 1
90058, 1
90059, 1
90061, 1
90064, 1
90066, 1
90068, 1
90069, 1
90073, 1
90075, 3
90076, 1
90080, 1
90083, 1
90085, 1
90088, 1
90092, 1
90094, 1
90095, 1
90097, 1
90098, 1
90099, 1
90100, 1
90103, 1
90104, 1
90106, 1
90109, 2
90111, 2
90113, 2
90114, 1
90115, 1
90116, 2
90118, 1
90121, 1
90122, 1
90123, 1
90124, 2
90126, 1
90127, 1
90131, 1
90135, 2
90136, 1
90156, 1
90158, 1
90161, 1
90164, 2
90167, 1
90168, 1
90170, 1
90173, 1
90177, 1
90178, 3
90181, 2
90182, 1
90183, 2
90189, 1
90194, 1
90195, 1
90196, 1
90197, 1
90198, 1
90199, 2
90201, 1
90202, 1
90203, 1
90204, 1
90206, 2
90209, 2
90212, 2
90214, 2
90217, 1
90222, 2
90232, 1
90234, 1
90237, 1
90238, 1
90242, 2
90246, 1
90250, 1
90251, 1
90252, 1
90253, 1
90254, 1
90260, 1
90261, 2
90265, 1
90267, 1
90269, 1
90270, 1
90271, 1
90273, 1
90275, 2
90277, 1
90284, 1
90285, 1
90288, 1
90289, 1
90290, 1
90291, 1
90292, 1
90295, 1
90298, 1
90301, 1
90302, 1
90304, 1
90306, 1
90311, 1
90312, 1
90313, 2
90315, 1
90318, 2
90326, 1
90330, 3
90336, 1
90338, 1
90339, 1
90344, 1
90347, 1
90351, 1
90352, 2
90355, 1
90356, 2
90358, 1
90359, 1
90360, 2
90363, 1
90367, 1
90368, 1
90370, 1
90373, 2
90375, 1
90377, 1
90380, 2
90385, 1
90386, 1
90387, 1
90391, 1
90392, 2
90398, 1
90401, 1
90406, 1
90410, 1
90411, 1
90417, 1
90419, 2
90422, 1
90426, 1
90429, 1
90431, 1
90433, 2
90437, 1
90440, 1
90442, 1
90444, 2
90446, 2
90447, 1
90451, 2
90454, 1
90457, 1
90460, 1
90464, 1
90466, 2
90468, 1
90472, 1
90473, 2
90476, 1
90477, 2
90478, 1
90480, 1
90481, 1
90482, 2
90486, 1
90488, 3
90489, 1
90490, 1
90495, 1
90496, 1
90497, 1
90498, 1
90499, 2
90500, 2
90504, 1
90505, 2
90516, 1
90517, 1
90518, 1
90519, 2
90521, 1
90523, 1
90529, 1
90535, 2
90540, 1
90542, 1
90543, 2
90544, 1
90545, 1
90547, 1
90548, 1
90551, 3
90553, 2
90555, 1
90557, 1
90559, 1
90560, 1
90567, 2
90568, 1
90575, 1
90577, 1
90579, 1
90580, 1
90583, 1
90586, 1
90588, 1
90591, 1
90592, 1
90596, 1
90598, 1
90601, 2
90605, 2
90607, 1
90609, 1
90610, 1
90611, 2
90612, 1
90613, 1
90614, 1
90624, 1
90625, 1
90627, 1
90631, 1
90634, 1
90637, 1
90638, 1
90640, 1
90642, 1
90647, 1
90649, 3
90651, 1
90652, 1
90653, 1
90657, 1
90659, 1
90663, 1
90664, 1
90670, 2
90673, 1
90674, 1
90675, 1
90676, 1
90677, 2
90685, 1
90686, 1
90687, 2
90688, 1
90690, 1
90693, 1
90694, 1
90696, 1
90697, 1
90699, 2
90700, 1
90703, 1
90705, 1
90706, 1
90711, 1
90713, 1
90714, 1
90716, 3
90717, 2
90718, 1
90720, 2
90726, 1
90728, 1
90729, 1
90737, 1
90738, 1
90740, 2
90743, 2
90744, 2
90746, 1
90747, 1
90749, 1
90750, 1
90753, 3
90757, 1
90758, 1
90760, 2
90761, 2
90766, 1
90770, 2
90774, 1
90779, 1
90781, 1
90782, 1
90784, 1
90786, 1
90787, 2
90790, 1
90791, 2
90792, 1
90793, 1
90795, 1
90799, 1
90801, 1
90806, 1
90808, 1
90809, 1
90817, 2
90820, 3
90821, 1
90826, 3
90830, 1
90831, 1
90832, 2
90835, 1
90837, 1
90846, 1
90849, 1
90850, 1
90851, 1
90853, 1
90854, 1
90860, 1
90861, 1
90862, 1
90864, 1
90865, 1
90866, 2
90868, 2
90869, 3
90872, 1
90873, 1
90878, 1
90880, 1
90884, 2
90886, 1
90890, 1
90891, 1
90896, 1
90897, 1
90898, 1
90899, 1
90901, 1
90902, 1
90903, 1
90910, 1
90911, 2
90917, 1
90928, 1
90931, 1
90933, 1
90934, 3
90935, 1
90941, 3
90942, 1
90943, 1
90949, 1
90954, 1
90955, 2
90957, 1
90960, 1
90964, 1
90967, 1
90973, 1
90976, 1
90978, 1
90980, 1
90986, 1
90989, 2
90993, 2
90994, 1
91001, 3
91006, 1
91007, 1
91008, 1
91010, 1
91011, 1
91012, 1
91013, 1
91015, 1
91016, 1
91020, 1
91023, 2
91027, 1
91028, 1
91031, 1
91033, 1
91034, 1
91039, 1
91041, 2
91042, 1
91045, 2
91046, 1
91050, 3
91052, 1
91060, 1
91062, 2
91063, 2
91065, 1
91066, 1
91067, 1
91068, 1
91070, 1
91078, 1
91079, 1
91081, 1
91082, 1
91084, 2
91085, 1
91087, 2
91088, 1
91090, 1
91093, 1
91096, 3
91099, 1
91104, 1
91108, 1
91109, 1
91111, 1
91122, 1
91125, 1
91126, 1
91127, 1
91133, 1
91137, 1
91139, 1
91146, 1
91147, 1
91154, 1
91155, 1
91159, 1
91163, 1
91164, 1
91168, 1
91169, 2
91171, 3
91173, 1
91174, 1
91175, 1
91179, 1
91182, 1
91186, 1
91189, 1
91192, 1
91195, 1
91198, 1
91203, 1
91207, 1
91208, 2
91209, 1
91210, 1
91211, 1
91212, 1
91213, 3
91214, 1
91215, 2
91217, 1
91218, 1
91220, 1
91222, 1
91228, 2
91230, 1
91231, 1
91232, 1
91235, 1
91236, 2
91239, 2
91241, 2
91242, 1
91244, 2
91246, 1
91253, 1
91254, 3
91256, 1
91257, 3
91259, 1
91260, 1
91261, 1
91262, 1
91264, 1
91265, 1
91266, 1
91268, 1
91271, 1
91283, 2
91285, 2
91286, 1
91287, 1
91291, 2
91293, 1
91294, 1
91297, 1
91302, 2
91303, 1
91304, 1
91306, 2
91312, 2
91314, 1
91315, 1
91320, 1
91321, 2
91326, 1
91329, 1
91330, 1
91331, 3
91334, 1
91335, 1
91336, 1
91340, 1
91342, 1
91343, 1
91347, 1
91352, 1
91356, 1
91358, 1
91361, 1
91365, 1
91366, 1
91367, 3
91368, 1
91371, 2
91375, 2
91376, 1
91377, 1
91380, 1
91381, 1
91383, 2
91384, 1
91385, 1
91386, 1
91389, 1
91390, 1
91391, 1
91393, 2
91395, 2
91399, 1
91400, 1
91404, 1
91405, 1
91407, 1
91408, 1
91410, 2
91411, 2
91412, 1
91414, 1
91418, 1
91421, 1
91422, 2
91423, 2
91430, 2
91432, 1
91434, 2
91437, 1
91438, 1
91440, 2
91442, 1
91447, 1
91454, 1
91456, 2
91457, 1
91458, 1
91468, 2
91469, 1
91470, 1
91474, 1
91479, 2
91480, 2
91482, 1
91486, 1
91489, 2
91490, 1
91491, 3
91492, 1
91495, 1
91502, 1
91507, 1
91508, 1
91512, 1
91513, 1
91519, 1
91522, 1
91524, 1
91527, 1
91530, 1
91531, 1
91532, 2
91533, 1
91535, 1
91538, 1
91540, 1
91541, 1
91548, 1
91552, 2
91553, 1
91555, 1
91556, 2
91557, 1
91561, 2
91564, 2
91566, 2
91568, 1
91571, 1
91574, 1
91579, 3
91580, 1
91584, 1
91585, 1
91588, 1
91592, 1
91595, 1
91596, 1
91597, 1
91598, 1
91601, 1
91604, 1
91607, 1
91609, 1
91613, 1
91616, 2
91617, 1
91618, 1
91620, 1
91621, 1
91626, 2
91627, 1
91628, 1
91630, 1
91639, 2
91641, 1
91644, 2
91645, 1
91646, 2
91647, 1
91652, 2
91656, 1
91657, 1
91659, 1
91660, 2
91661, 1
91667, 1
91668, 1
91669, 2
91672, 1
91674, 1
91675, 2
91677, 2
91678, 1
91680, 1
91681, 1
91682, 1
91684, 1
91689, 1
91690, 1
91691, 1
91693, 1
91694, 2
91702, 1
91703, 3
91704, 1
91706, 2
91707, 1
91708, 1
91711, 1
91714, 1
91716, 1
91717, 1
91721, 1
91726, 1
91727, 1
91729, 3
91730, 1
91732, 1
91735, 1
91736, 1
91739, 1
91740, 1
91745, 1
91746, 1
91747, 2
91750, 1
91752, 1
91753, 1
91758, 4
91760, 1
91762, 1
91763, 2
91766, 3
91767, 1
91770, 2
91771, 1
91772, 1
91773, 1
91777, 2
91778, 1
91779, 1
91780, 1
91783, 1
91784, 4
91785, 1
91787, 2
91788, 1
91790, 1
91791, 1
91794, 1
91795, 1
91796, 1
91798, 1
91799, 1
91800, 1
91802, 1
91803, 1
91806, 1
91809, 1
91811, 2
91824, 2
91826, 1
91828, 1
91831, 2
91832, 1
91833, 1
91834, 1
91836, 2
91837, 1
91839, 1
91840, 2
91842, 1
91847, 1
91850, 2
91852, 1
91854, 2
91860, 1
91863, 1
91864, 2
91865, 1
91868, 4
91872, 1
91873, 1
91877, 1
91879, 1
91880, 1
91881, 1
91882, 1
91884, 1
91893, 1
91894, 2
91901, 2
91903, 1
91905, 1
91907, 2
91908, 1
91909, 1
91910, 1
91911, 2
91912, 2
91914, 1
91916, 2
91917, 1
91918, 1
91921, 1
91926, 1
91928, 1
91930, 1
91932, 2
91935, 1
91939, 1
91943, 3
91945, 1
91946, 2
91948, 2
91949, 2
91952, 1
91953, 1
91955, 1
91957, 1
91958, 1
91959, 1
91960, 1
91963, 2
91969, 1
91972, 1
91973, 4
91975, 1
91980, 1
91986, 2
91990, 1
91992, 1
91993, 2
91994, 1
91996, 1
91997, 1
92008, 1
92013, 1
92018, 1
92022, 1
92024, 5
92028, 1
92029, 1
92030, 1
92033, 1
92034, 1
92035, 1
92037, 2
92039, 1
92040, 1
92041, 1
92046, 1
92047, 1
92049, 2
92051, 1
92054, 1
92055, 1
92057, 1
92059, 1
92061, 2
92065, 1
92066, 1
92068, 3
92069, 1
92070, 1
92072, 1
92073, 1
92077, 1
92079, 2
92081, 1
92085, 2
92086, 2
92087, 1
92089, 1
92090, 2
92091, 2
92092, 1
92095, 1
92097, 1
92098, 1
92099, 2
92100, 1
92108, 1
92111, 1
92115, 3
92116, 2
92125, 1
92126, 1
92129, 1
92134, 3
92135, 1
92136, 1
92137, 1
92139, 1
92146, 3
92148, 1
92155, 1
92156, 2
92160, 1
92163, 2
92164, 2
92165, 1
92167, 1
92168, 1
92171, 1
92175, 1
92178, 3
92179, 3
92181, 2
92184, 1
92186, 1
92188, 1
92190, 1
92194, 1
92197, 3
92198, 1
92200, 2
92202, 1
92204, 1
92205, 1
92206, 4
92207, 2
92208, 2
92212, 1
92218, 1
92220, 2
92227, 1
92231, 1
92233, 1
92235, 1
92236, 1
92238, 1
92248, 1
92249, 1
92250, 1
92252, 1
92254, 1
92260, 2
92261, 1
92265, 1
92270, 1
92275, 1
92280, 2
92282, 1
92291, 1
92294, 1
92295, 1
92296, 1
92297, 2
92306, 1
92307, 1
92309, 1
92314, 1
92316, 1
92318, 2
92321, 1
92322, 1
92326, 2
92327, 1
92329, 1
92335, 1
92336, 1
92337, 2
92348, 1
92349, 1
92350, 1
92354, 1
92356, 1
92358, 1
92363, 1
92370, 1
92373, 1
92377, 2
92378, 1
92379, 1
92382, 2
92383, 3
92385, 1
92387, 2
92388, 1
92389, 1
92390, 1
92391, 2
92393, 1
92394, 1
92397, 1
92400, 1
92403, 1
92407, 1
92410, 1
92411, 1
92414, 1
92416, 1
92417, 2
92418, 1
92421, 1
92422, 1
92425, 2
92426, 2
92427, 1
92429, 1
92448, 2
92454, 1
92456, 2
92459, 2
92461, 1
92463, 2
92465, 1
92466, 1
92467, 2
92472, 1
92473, 1
92474, 1
92479, 1
92484, 1
92487, 2
92491, 1
92492, 1
92493, 2
92494, 1
92495, 3
92499, 1
92501, 2
92503, 1
92504, 1
92507, 1
92510, 1
92518, 1
92521, 1
92523, 1
92528, 2
92529, 2
92530, 2
92533, 1
92539, 1
92542, 1
92543, 1
92545, 1
92547, 1
92549, 1
92551, 1
92552, 1
92553, 1
92554, 2
92557, 1
92558, 1
92560, 1
92562, 2
92563, 3
92565, 1
92570, 1
92572, 1
92574, 3
92580, 1
92581, 1
92582, 1
92583, 1
92585, 2
92586, 1
92587, 2
92589, 1
92592, 1
92593, 2
92594, 1
92597, 1
92600, 1
92601, 1
92602, 2
92603, 1
92608, 1
92613, 3
92614, 2
92616, 1
92617, 1
92619, 1
92621, 1
92622, 1
92623, 1
92628, 1
92631, 2
92633, 2
92634, 1
92638, 1
92639, 1
92648, 1
92650, 1
92653, 2
92654, 1
92656, 1
92657, 1
92658, 2
92659, 1
92660, 1
92661, 1
92662, 1
92664, 1
92665, 2
92666, 1
92670, 1
92671, 1
92672, 1
92673, 2
92678, 1
92679, 1
92681, 1
92683, 1
92684, 1
92685, 1
92687, 1
92691, 1
92692, 1
92693, 1
92695, 1
92697, 1
92698, 3
92699, 2
92701, 2
92703, 1
92704, 2
92705, 1
92709, 1
92712, 1
92713, 1
92714, 1
92716, 1
92721, 1
92722, 1
92726, 1
92727, 1
92729, 1
92733, 1
92735, 2
92736, 1
92738, 2
92739, 1
92740, 1
92749, 2
92751, 2
92753, 1
92754, 1
92756, 1
92757, 1
92758, 2
92760, 1
92761, 1
92762, 1
92765, 1
92766, 1
92767, 1
92770, 1
92771, 1
92774, 1
92777, 1
92780, 1
92785, 1
92786, 2
92787, 1
92788, 1
92789, 2
92792, 1
92793, 1
92796, 1
92798, 2
92799, 1
92800, 1
92801, 1
92802, 1
92803, 1
92811, 1
92812, 1
92813, 1
92814, 1
92819, 3
92825, 2
92827, 1
92828, 1
92829, 1
92830, 1
92831, 1
92833, 3
92838, 1
92846, 1
92847, 1
92848, 1
92851, 1
92852, 1
92856, 2
92862, 2
92866, 2
92877, 1
92880, 1
92881, 1
92884, 1
92886, 2
92887, 1
92890, 1
92891, 1
92898, 3
92899, 1
92900, 1
92902, 1
92904, 1
92906, 1
92911, 1
92913, 1
92914, 1
92919, 1
92922, 2
92923, 1
92926, 3
92927, 1
92931, 1
92937, 1
92938, 1
92941, 3
92943, 1
92945, 1
92946, 1
92948, 1
92949, 1
92952, 1
92953, 1
92955, 2
92957, 1
92959, 1
92960, 2
92963, 2
92964, 1
92966, 1
92967, 1
92971, 1
92973, 1
92974, 2
92975, 1
92976, 1
92980, 3
92981, 1
92982, 1
92983, 1
92984, 1
92987, 1
92988, 1
92992, 1
92993, 2
92995, 1
93000, 2
93001, 3
93005, 2
93006, 1
93007, 1
93010, 2
93011, 1
93012, 1
93015, 2
93016, 2
93018, 2
93020, 1
93023, 1
93027, 1
93031, 1
93034, 1
93036, 1
93040, 1
93041, 1
93042, 1
93043, 2
93044, 2
93046, 1
93049, 1
93050, 2
93053, 1
93054, 1
93062, 1
93063, 2
93066, 1
93070, 1
93071, 1
93072, 1
93073, 1
93074, 2
93077, 2
93078, 1
93081, 3
93082, 2
93083, 1
93085, 2
93086, 2
93087, 2
93089, 1
93091, 1
93094, 1
93095, 1
93096, 2
93097, 1
93098, 1
93100, 1
93102, 1
93103, 1
93104, 1
93106, 2
93107, 1
93108, 1
93109, 1
93110, 1
93111, 1
93112, 1
93113, 1
93114, 1
93115, 3
93116, 1
93117, 1
93119, 1
93121, 1
93123, 1
93124, 1
93128, 1
93130, 1
93131, 2
93132, 2
93134, 1
93135, 2
93137, 1
93139, 1
93144, 1
93147, 1
93153, 1
93154, 1
93155, 1
93156, 1
93162, 1
93164, 1
93165, 2
93168, 1
93170, 2
93174, 1
93175, 1
93180, 3
93181, 1
93183, 1
93184, 2
93186, 1
93189, 1
93191, 1
93192, 2
93193, 1
93195, 2
93196, 1
93197, 2
93199, 1
93204, 1
93210, 1
93211, 1
93213, 1
93215, 1
93222, 1
93223, 1
93225, 1
93229, 1
93231, 1
93240, 2
93242, 1
93248, 1
93249, 1
93252, 2
93255, 1
93256, 1
93258, 1
93260, 2
93261, 1
93263, 1
93264, 1
93267, 1
93269, 1
93274, 2
93276, 2
93280, 1
93282, 1
93284, 1
93289, 1
93290, 1
93291, 1
93292, 1
93293, 1
93294, 2
93295, 1
93303, 1
93304, 1
93306, 1
93309, 1
93311, 3
93312, 1
93313, 2
93315, 1
93316, 1
93320, 1
93321, 1
93325, 1
93326, 1
93327, 1
93329, 1
93334, 1
93335, 1
93337, 2
93339, 1
93342, 1
93344, 3
93345, 2
93350, 1
93355, 2
93356, 2
93363, 1
93364, 1
93365, 1
93366, 1
93369, 1
93374, 1
93376, 1
93379, 1
93381, 1
93384, 2
93385, 1
93386, 1
93387, 1
93389, 2
93390, 1
93391, 2
93392, 3
93396, 1
93401, 1
93403, 1
93405, 1
93406, 1
93412, 1
93413, 1
93415, 1
93419, 1
93425, 1
93427, 1
93428, 1
93429, 1
93431, 1
93432, 1
93433, 1
93434, 1
93437, 2
93439, 1
93442, 2
93443, 2
93444, 1
93446, 1
93449, 1
93452, 1
93455, 1
93456, 1
93457, 1
93458, 1
93460, 1
93463, 1
93465, 2
93468, 1
93469, 1
93471, 1
93474, 2
93475, 1
93481, 1
93483, 2
93485, 1
93486, 1
93489, 1
93493, 1
93496, 1
93497, 1
93503, 1
93505, 2
93509, 1
93514, 1
93515, 1
93517, 1
93521, 1
93523, 1
93524, 2
93527, 1
93528, 3
93529, 1
93530, 1
93534, 1
93535, 2
93536, 2
93539, 1
93541, 1
93549, 1
93554, 1
93557, 1
93559, 1
93560, 2
93564, 2
93567, 1
93575, 1
93576, 1
93584, 1
93588, 2
93589, 1
93590, 1
93596, 1
93597, 1
93598, 1
93602, 1
93604, 1
93605, 2
93606, 1
93609, 1
93610, 1
93621, 2
93622, 1
93628, 2
93634, 1
93642, 1
93643, 1
93644, 3
93647, 1
93648, 1
93650, 3
93653, 2
93654, 2
93656, 1
93657, 1
93658, 1
93659, 1
93663, 1
93669, 1
93675, 1
93677, 2
93678, 1
93681, 2
93685, 1
93686, 1
93688, 1
93691, 1
93697, 1
93699, 1
93703, 1
93706, 1
93708, 1
93711, 1
93713, 1
93715, 2
93716, 1
93717, 1
93718, 1
93719, 1
93722, 2
93726, 3
93728, 1
93733, 1
93735, 2
93737, 2
93739, 3
93740, 2
93743, 1
93746, 1
93748, 1
93750, 1
93752, 1
93753, 1
93757, 1
93758, 1
93760, 1
93761, 1
93762, 2
93766, 1
93767, 1
93768, 1
93771, 1
93773, 1
93778, 1
93780, 1
93782, 1
93783, 1
93784, 2
93788, 1
93789, 1
93792, 1
93795, 3
93799, 2
93800, 1
93804, 2
93805, 1
93807, 1
93808, 1
93809, 1
93811, 2
93812, 1
93814, 1
93822, 1
93823, 1
93825, 1
93827, 1
93831, 1
93837, 1
93838, 1
93839, 1
93840, 1
93841, 1
93843, 2
93845, 3
93847, 1
93851, 1
93856, 2
93857, 1
93859, 4
93860, 1
93861, 1
93862, 1
93866, 2
93872, 1
93874, 1
93875, 1
93878, 2
93881, 1
93883, 1
93886, 1
93887, 1
93894, 1
93895, 1
93899, 1
93901, 1
93905, 1
93907, 1
93910, 1
93915, 1
93917, 1
93920, 1
93922, 1
93923, 2
93927, 1
93929, 2
93933, 2
93934, 1
93935, 1
93938, 1
93939, 2
93941, 1
93942, 1
93944, 2
93945, 2
93947, 1
93949, 2
93953, 1
93954, 1
93955, 2
93957, 1
93958, 1
93960, 2
93961, 1
93963, 1
93964, 1
93966, 1
93967, 1
93969, 2
93971, 2
93972, 1
93974, 1
93976, 1
93979, 1
93980, 1
93981, 1
93983, 1
93984, 2
93986, 3
93987, 1
93989, 1
93992, 1
93993, 1
93994, 2
93995, 1
94002, 1
94004, 1
94005, 1
94006, 2
94007, 2
94011, 1
94012, 2
94013, 2
94014, 1
94016, 1
94023, 1
94025, 1
94029, 1
94033, 2
94035, 1
94038, 1
94042, 1
94043, 2
94044, 1
94046, 1
94048, 1
94054, 1
94055, 1
94056, 1
94069, 1
94070, 1
94072, 1
94073, 1
94075, 3
94078, 2
94079, 1
94080, 1
94081, 1
94083, 1
94089, 1
94095, 1
94098, 2
94104, 1
94105, 1
94107, 1
94112, 1
94113, 1
94114, 1
94116, 2
94121, 1
94124, 1
94125, 1
94128, 1
94129, 1
94132, 1
94136, 2
94137, 2
94139, 1
94140, 1
94142, 1
94143, 1
94148, 2
94149, 1
94153, 1
94155, 1
94156, 1
94157, 1
94158, 1
94161, 1
94162, 2
94164, 1
94165, 3
94166, 1
94167, 2
94169, 2
94173, 1
94174, 2
94176, 1
94177, 2
94178, 1
94182, 1
94184, 1
94185, 2
94186, 1
94194, 2
94197, 1
94199, 1
94200, 1
94201, 1
94202, 1
94203, 1
94207, 1
94209, 2
94210, 1
94212, 1
94213, 1
94217, 1
94224, 1
94229, 1
94232, 1
94234, 1
94236, 1
94237, 2
94240, 1
94241, 2
94244, 1
94245, 1
94246, 1
94250, 1
94251, 1
94252, 2
94255, 2
94260, 1
94263, 1
94264, 1
94266, 1
94271, 1
94276, 1
94278, 1
94279, 2
94280, 1
94282, 1
94283, 1
94284, 2
94285, 1
94286, 1
94287, 1
94296, 1
94299, 2
94300, 1
94301, 2
94304, 1
94305, 2
94310, 2
94318, 1
94320, 2
94324, 2
94325, 1
94326, 2
94335, 1
94337, 1
94340, 2
94342, 2
94345, 1
94346, 2
94347, 1
94349, 1
94350, 3
94352, 1
94353, 1
94358, 1
94359, 1
94361, 1
94366, 1
94367, 1
94368, 1
94369, 2
94372, 2
94374, 1
94377, 2
94379, 1
94380, 2
94382, 3
94385, 1
94393, 1
94395, 1
94404, 1
94405, 2
94406, 1
94407, 1
94408, 1
94411, 1
94412, 1
94413, 1
94415, 1
94416, 2
94417, 2
94419, 2
94422, 1
94424, 1
94426, 1
94432, 1
94435, 2
94436, 2
94437, 1
94441, 2
94448, 2
94451, 3
94456, 1
94460, 1
94464, 1
94466, 1
94468, 2
94469, 1
94474, 2
94475, 1
94478, 1
94479, 3
94480, 1
94481, 2
94485, 3
94490, 1
94491, 1
94494, 3
94495, 1
94496, 2
94499, 1
94508, 1
94509, 1
94511, 1
94515, 1
94517, 1
94518, 2
94519, 1
94521, 1
94529, 1
94530, 2
94532, 1
94534, 1
94537, 1
94538, 2
94539, 1
94541, 1
94543, 1
94544, 1
94548, 1
94551, 1
94555, 1
94558, 1
94560, 1
94561, 1
94564, 1
94565, 1
94572, 3
94573, 5
94575, 1
94576, 1
94578, 3
94586, 1
94588, 1
94589, 2
94590, 1
94592, 1
94598, 1
94608, 1
94610, 3
94612, 4
94613, 1
94619, 1
94620, 1
94622, 1
94625, 2
94628, 1
94630, 1
94631, 1
94635, 1
94639, 1
94640, 1
94641, 2
94642, 2
94643, 2
94644, 2
94647, 1
94648, 1
94651, 2
94654, 2
94655, 2
94656, 2
94659, 2
94662, 2
94664, 1
94665, 1
94668, 2
94669, 1
94673, 1
94674, 2
94678, 1
94680, 1
94681, 1
94683, 1
94685, 1
94686, 1
94688, 1
94691, 1
94692, 1
94698, 1
94699, 1
94701, 2
94702, 2
94703, 2
94705, 1
94706, 3
94709, 1
94710, 2
94712, 1
94713, 1
94717, 1
94720, 1
94722, 2
94723, 1
94724, 1
94726, 1
94730, 3
94731, 1
94734, 2
94736, 1
94737, 1
94742, 2
94743, 1
94747, 1
94749, 1
94751, 1
94756, 1
94758, 1
94759, 1
94761, 1
94762, 2
94764, 2
94769, 1
94777, 3
94778, 1
94780, 1
94785, 1
94787, 1
94790, 1
94792, 1
94794, 2
94797, 1
94804, 2
94805, 1
94807, 1
94808, 2
94809, 1
94811, 1
94812, 1
94815, 1
94816, 1
94818, 1
94823, 1
94824, 1
94827, 2
94830, 1
94832, 1
94835, 1
94837, 1
94846, 1
94850, 2
94851, 1
94852, 1
94853, 1
94858, 1
94860, 2
94861, 2
94864, 1
94865, 1
94867, 1
94870, 1
94874, 1
94875, 1
94879, 1
94880, 1
94882, 2
94885, 1
94888, 1
94889, 1
94891, 1
94895, 1
94897, 1
94901, 1
94904, 1
94906, 1
94908, 1
94911, 1
94912, 1
94914, 1
94916, 1
94918, 1
94922, 2
94927, 1
94929, 2
94930, 1
94932, 1
94934, 1
94935, 1
94939, 2
94943, 3
94944, 2
94948, 2
94951, 2
94952, 1
94953, 1
94960, 1
94963, 2
94966, 1
94969, 1
94970, 1
94972, 1
94973, 1
94974, 1
94975, 1
94978, 1
94981, 1
94983, 1
94985, 1
94987, 1
94989, 1
94990, 1
94991, 1
94992, 1
94994, 1
94998, 1
95000, 1
95001, 1
95003, 1
95004, 1
95005, 2
95007, 1
95008, 1
95010, 1
95012, 1
95014, 1
95016, 1
95019, 1
95023, 1
95024, 1
95028, 1
95029, 1
95030, 2
95031, 1
95034, 1
95039, 1
95041, 1
95042, 2
95043, 2
95045, 2
95046, 1
95047, 1
95051, 2
95052, 1
95055, 2
95058, 1
95059, 1
95064, 1
95070, 1
95076, 3
95077, 1
95078, 1
95080, 1
95081, 1
95086, 1
95088, 2
95090, 1
95091, 1
95096, 2
95098, 1
95101, 1
95102, 1
95104, 1
95108, 1
95110, 1
95112, 2
95114, 1
95117, 1
95121, 1
95122, 1
95123, 1
95126, 2
95127, 2
95135, 2
95137, 2
95138, 1
95139, 1
95141, 1
95143, 1
95145, 2
95149, 1
95150, 1
95155, 1
95156, 2
95157, 1
95162, 1
95166, 1
95169, 2
95170, 1
95171, 1
95173, 1
95175, 1
95176, 1
95177, 1
95178, 1
95179, 1
95180, 1
95181, 1
95182, 2
95185, 1
95188, 1
95189, 1
95190, 1
95191, 1
95192, 2
95193, 1
95195, 1
95196, 1
95198, 1
95200, 1
95203, 1
95207, 1
95208, 1
95210, 1
95213, 2
95215, 1
95216, 1
95217, 2
95218, 1
95221, 2
95230, 1
95231, 1
95236, 1
95237, 1
95242, 2
95243, 1
95247, 1
95250, 2
95251, 4
95252, 1
95256, 1
95260, 2
95261, 2
95267, 1
95268, 1
95272, 2
95276, 1
95280, 1
95281, 1
95284, 4
95285, 1
95286, 1
95288, 1
95289, 2
95291, 1
95293, 1
95296, 1
95300, 1
95301, 1
95307, 2
95313, 1
95321, 1
95322, 2
95324, 1
95327, 1
95329, 1
95331, 2
95332, 2
95335, 1
95336, 1
95337, 1
95339, 1
95341, 2
95343, 1
95344, 2
95347, 1
95351, 1
95356, 1
95360, 2
95361, 1
95364, 1
95367, 2
95368, 1
95370, 1
95372, 2
95373, 1
95374, 1
95376, 2
95377, 1
95378, 1
95380, 1
95381, 1
95386, 1
95387, 2
95388, 1
95389, 2
95391, 1
95392, 1
95393, 1
95396, 1
95400, 1
95408, 1
95409, 1
95410, 1
95415, 1
95416, 1
95420, 1
95421, 2
95422, 1
95423, 1
95425, 1
95426, 1
95428, 2
95429, 1
95432, 1
95434, 1
95437, 1
95438, 1
95441, 1
95443, 1
95445, 1
95448, 1
95453, 1
95454, 1
95456, 1
95457, 1
95459, 1
95460, 1
95461, 3
95464, 1
95465, 2
95466, 1
95467, 1
95472, 1
95473, 1
95474, 1
95478, 1
95480, 2
95481, 1
95483, 2
95484, 2
95486, 1
95492, 2
95493, 1
95500, 2
95501, 3
95502, 4
95504, 2
95505, 2
95506, 1
95507, 2
95508, 1
95511, 1
95512, 1
95515, 1
95521, 2
95522, 1
95526, 1
95528, 1
95533, 1
95534, 1
95536, 2
95539, 1
95540, 2
95543, 1
95544, 1
95545, 1
95546, 2
95549, 1
95552, 1
95553, 2
95557, 2
95558, 1
95559, 1
95562, 1
95564, 1
95565, 1
95570, 1
95575, 1
95578, 1
95579, 2
95580, 2
95581, 3
95583, 2
95585, 1
95590, 1
95591, 1
95596, 1
95599, 1
95602, 1
95603, 1
95604, 1
95605, 1
95607, 1
95612, 1
95616, 1
95618, 1
95620, 2
95621, 3
95622, 2
95623, 1
95626, 1
95629, 2
95633, 1
95635, 1
95636, 1
95640, 2
95641, 1
95649, 1
95655, 1
95660, 1
95664, 1
95665, 1
95667, 1
95668, 1
95671, 1
95676, 1
95679, 1
95680, 1
95681, 2
95684, 1
95686, 2
95692, 1
95693, 2
95694, 2
95698, 1
95701, 1
95704, 1
95705, 1
95707, 2
95708, 2
95711, 1
95712, 1
95714, 2
95715, 2
95716, 2
95717, 1
95719, 3
95720, 2
95721, 1
95723, 1
95724, 1
95727, 1
95731, 2
95734, 1
95736, 1
95738, 2
95740, 1
95743, 1
95744, 1
95746, 1
95749, 1
95753, 1
95755, 2
95757, 1
95758, 1
95760, 1
95763, 1
95766, 1
95768, 1
95775, 1
95776, 1
95777, 1
95778, 1
95780, 1
95782, 1
95787, 3
95789, 1
95790, 1
95791, 1
95792, 1
95796, 2
95797, 1
95798, 1
95801, 1
95802, 1
95808, 1
95809, 1
95810, 3
95812, 2
95813, 2
95814, 2
95816, 1
95820, 1
95823, 3
95826, 1
95830, 1
95831, 1
95836, 1
95837, 1
95838, 1
95839, 1
95844, 2
95852, 1
95854, 1
95856, 1
95858, 1
95862, 1
95865, 1
95866, 2
95869, 3
95871, 1
95872, 1
95874, 1
95879, 2
95885, 1
95888, 1
95890, 1
95891, 1
95893, 1
95896, 2
95897, 2
95900, 1
95901, 2
95902, 1
95905, 1
95909, 1
95911, 2
95915, 1
95916, 1
95917, 1
95921, 1
95922, 2
95923, 1
95925, 1
95927, 3
95930, 2
95931, 1
95933, 1
95934, 1
95935, 1
95938, 2
95941, 1
95945, 2
95947, 1
95954, 1
95955, 1
95956, 1
95957, 1
95961, 1
95963, 1
95968, 1
95978, 1
95979, 2
95987, 1
95988, 3
95990, 1
96002, 1
96003, 2
96005, 2
96006, 2
96010, 1
96011, 1
96014, 2
96018, 1
96019, 2
96020, 1
96021, 1
96023, 2
96027, 1
96032, 2
96035, 2
96036, 1
96037, 1
96042, 2
96044, 1
96049, 1
96050, 1
96051, 1
96052, 1
96054, 1
96055, 1
96058, 1
96059, 1
96061, 2
96068, 1
96071, 1
96074, 1
96076, 2
96083, 1
96085, 1
96087, 1
96090, 1
96092, 2
96094, 1
96098, 1
96101, 1
96102, 1
96103, 1
96105, 2
96108, 2
96114, 1
96115, 1
96116, 2
96118, 4
96119, 2
96120, 1
96123, 1
96125, 1
96126, 1
96132, 1
96133, 1
96136, 1
96140, 1
96142, 1
96143, 1
96144, 1
96148, 3
96153, 3
96159, 1
96160, 1
96161, 1
96164, 2
96165, 2
96168, 2
96169, 1
96171, 4
96180, 1
96182, 1
96183, 1
96184, 1
96190, 1
96191, 1
96195, 2
96196, 2
96198, 1
96199, 1
96201, 1
96203, 1
96205, 1
96206, 1
96208, 2
96209, 2
96211, 1
96212, 1
96215, 1
96216, 1
96220, 1
96221, 1
96225, 1
96229, 1
96232, 1
96237, 1
96241, 2
96244, 1
96248, 2
96249, 1
96255, 1
96256, 1
96257, 1
96262, 1
96264, 1
96265, 2
96266, 1
96268, 1
96269, 1
96274, 1
96277, 1
96280, 1
96281, 1
96284, 1
96288, 1
96291, 1
96292, 1
96295, 1
96298, 1
96303, 2
96308, 2
96310, 1
96313, 2
96320, 1
96325, 1
96327, 2
96331, 1
96335, 1
96336, 2
96339, 1
96341, 1
96346, 1
96347, 1
96350, 1
96351, 2
96352, 1
96354, 1
96355, 1
96356, 3
96357, 1
96358, 1
96359, 1
96365, 1
96369, 2
96371, 1
96373, 1
96376, 1
96380, 1
96390, 1
96392, 1
96393, 4
96396, 1
96397, 1
96406, 2
96408, 2
96415, 1
96416, 1
96417, 1
96427, 1
96429, 1
96430, 1
96431, 1
96432, 1
96433, 1
96435, 1
96440, 1
96441, 2
96455, 1
96456, 1
96457, 3
96459, 1
96460, 2
96463, 1
96464, 1
96466, 1
96469, 1
96470, 1
96471, 1
96473, 1
96477, 1
96478, 1
96482, 1
96483, 2
96484, 1
96489, 1
96496, 1
96498, 1
96500, 1
96502, 1
96504, 1
96505, 1
96506, 1
96508, 1
96514, 1
96517, 1
96521, 1
96522, 3
96523, 1
96524, 1
96525, 1
96526, 1
96528, 1
96529, 1
96531, 1
96532, 1
96537, 1
96538, 1
96539, 1
96540, 2
96549, 1
96550, 1
96551, 1
96552, 2
96554, 1
96555, 1
96558, 1
96559, 2
96560, 1
96562, 1
96563, 1
96564, 1
96566, 2
96567, 1
96571, 2
96572, 1
96575, 1
96576, 1
96584, 1
96595, 1
96600, 1
96603, 1
96612, 2
96617, 2
96622, 1
96623, 2
96625, 2
96628, 1
96629, 1
96630, 1
96631, 1
96634, 2
96636, 1
96638, 1
96640, 1
96645, 1
96647, 1
96648, 1
96649, 1
96652, 1
96653, 2
96654, 1
96656, 1
96657, 2
96658, 1
96663, 1
96664, 1
96665, 2
96667, 1
96669, 1
96673, 1
96681, 1
96683, 2
96684, 1
96685, 1
96686, 1
96687, 1
96689, 2
96690, 2
96693, 1
96694, 1
96704, 1
96710, 2
96711, 1
96713, 1
96716, 1
96723, 1
96724, 1
96726, 1
96729, 1
96731, 1
96732, 2
96733, 1
96737, 1
96747, 2
96750, 1
96752, 2
96753, 1
96754, 2
96756, 1
96758, 1
96760, 1
96761, 2
96763, 1
96765, 1
96772, 1
96775, 1
96776, 1
96777, 1
96781, 2
96782, 2
96784, 1
96788, 1
96789, 1
96790, 1
96792, 1
96793, 3
96794, 1
96796, 2
96797, 2
96798, 2
96803, 1
96804, 1
96810, 1
96814, 1
96820, 1
96821, 2
96825, 2
96827, 1
96834, 1
96835, 1
96838, 2
96840, 1
96843, 2
96844, 2
96845, 1
96846, 2
96847, 2
96848, 1
96849, 1
96850, 1
96857, 1
96861, 1
96862, 2
96868, 1
96869, 1
96876, 3
96885, 1
96888, 1
96889, 1
96893, 1
96894, 1
96898, 1
96900, 1
96901, 1
96904, 1
96910, 1
96912, 1
96913, 1
96914, 1
96916, 2
96920, 1
96922, 1
96924, 1
96928, 1
96929, 1
96932, 1
96934, 1
96935, 2
96937, 1
96938, 3
96939, 1
96941, 1
96942, 1
96943, 1
96945, 1
96946, 1
96947, 2
96949, 1
96951, 1
96953, 1
96954, 1
96960, 1
96961, 1
96965, 1
96969, 2
96970, 1
96975, 1
96976, 1
96977, 2
96979, 1
96981, 2
96982, 1
96987, 1
96990, 1
96992, 1
96996, 1
96998, 1
97000, 1
97001, 1
97006, 3
97008, 1
97009, 1
97010, 1
97012, 1
97016, 2
97021, 1
97022, 1
97025, 1
97030, 1
97032, 3
97034, 1
97041, 1
97042, 1
97043, 1
97044, 1
97046, 1
97048, 1
97051, 2
97055, 2
97056, 2
97058, 1
97060, 1
97062, 2
97063, 1
97065, 1
97068, 1
97071, 3
97072, 1
97078, 1
97082, 2
97083, 2
97089, 1
97090, 3
97091, 1
97100, 1
97102, 2
97105, 1
97106, 2
97107, 2
97110, 1
97111, 1
97112, 1
97115, 1
97117, 1
97118, 1
97120, 1
97121, 1
97122, 2
97124, 1
97125, 1
97126, 2
97133, 2
97136, 1
97138, 1
97139, 1
97141, 1
97143, 2
97144, 1
97147, 1
97148, 1
97152, 1
97153, 1
97156, 1
97157, 1
97158, 1
97161, 2
97165, 1
97166, 1
97167, 1
97168, 1
97171, 1
97174, 1
97177, 1
97178, 1
97179, 1
97180, 1
97183, 1
97184, 1
97185, 1
97187, 1
97192, 1
97194, 4
97198, 1
97205, 2
97207, 1
97208, 1
97209, 2
97212, 1
97217, 1
97218, 1
97221, 1
97226, 1
97227, 1
97231, 1
97234, 1
97235, 1
97236, 1
97241, 1
97243, 1
97245, 1
97248, 2
97256, 2
97260, 2
97261, 2
97263, 1
97264, 2
97271, 1
97277, 2
97279, 1
97283, 1
97285, 2
97288, 1
97289, 1
97290, 1
97291, 1
97298, 1
97300, 1
97302, 1
97303, 1
97304, 1
97307, 2
97308, 1
97311, 1
97315, 2
97318, 1
97319, 1
97320, 2
97322, 1
97323, 2
97324, 1
97327, 1
97329, 1
97330, 1
97335, 1
97338, 1
97340, 1
97345, 1
97347, 1
97348, 1
97355, 1
97357, 1
97360, 2
97369, 1
97370, 1
97374, 1
97376, 1
97377, 1
97380, 1
97382, 1
97383, 1
97384, 1
97386, 1
97387, 1
97388, 1
97392, 1
97397, 3
97398, 2
97399, 1
97401, 1
97402, 1
97403, 2
97404, 1
97413, 1
97414, 1
97415, 1
97418, 1
97419, 1
97422, 2
97423, 1
97428, 1
97429, 1
97432, 1
97433, 1
97435, 1
97436, 1
97439, 2
97440, 1
97443, 1
97447, 1
97453, 2
97456, 1
97461, 1
97462, 2
97463, 2
97466, 1
97468, 2
97469, 1
97471, 1
97473, 2
97485, 2
97489, 1
97490, 1
97491, 1
97495, 1
97497, 2
97498, 1
97502, 1
97507, 1
97508, 1
97509, 1
97511, 2
97512, 1
97515, 1
97518, 1
97524, 1
97530, 1
97531, 1
97538, 2
97542, 2
97543, 1
97548, 1
97549, 1
97553, 1
97555, 1
97561, 1
97572, 2
97573, 1
97578, 2
97580, 1
97581, 1
97583, 1
97584, 1
97585, 1
97586, 1
97587, 1
97588, 1
97590, 1
97593, 1
97594, 1
97595, 2
97596, 1
97600, 1
97601, 1
97603, 1
97604, 1
97608, 1
97612, 1
97614, 1
97619, 1
97621, 1
97625, 1
97627, 1
97629, 3
97633, 3
97636, 1
97646, 1
97648, 1
97649, 1
97652, 1
97656, 1
97658, 1
97659, 1
97660, 1
97661, 1
97671, 1
97675, 1
97678, 1
97679, 1
97685, 1
97690, 2
97692, 1
97696, 2
97697, 1
97698, 1
97701, 1
97702, 1
97703, 1
97706, 1
97711, 2
97714, 1
97716, 1
97721, 1
97723, 2
97725, 1
97728, 1
97736, 1
97738, 1
97744, 2
97745, 2
97746, 1
97750, 1
97754, 1
97757, 1
97761, 1
97766, 1
97767, 2
97768, 1
97770, 2
97772, 1
97774, 1
97777, 1
97778, 1
97781, 2
97783, 1
97786, 1
97788, 1
97790, 1
97791, 1
97797, 1
97798, 1
97802, 1
97803, 1
97804, 1
97805, 1
97806, 2
97809, 1
97810, 3
97815, 2
97818, 2
97820, 2
97824, 1
97827, 2
97828, 1
97833, 1
97842, 2
97846, 1
97851, 1
97860, 1
97863, 2
97864, 1
97867, 1
97871, 1
97873, 1
97880, 1
97883, 3
97885, 1
97887, 1
97889, 1
97890, 1
97891, 1
97896, 1
97898, 1
97903, 1
97906, 1
97908, 1
97909, 2
97911, 1
97915, 1
97918, 2
97919, 1
97921, 1
97924, 1
97927, 1
97935, 1
97936, 1
97937, 1
97938, 1
97943, 2
97947, 1
97949, 1
97950, 1
97951, 1
97954, 2
97957, 3
97959, 1
97960, 2
97961, 1
97962, 1
97964, 2
97966, 1
97967, 1
97969, 2
97972, 1
97975, 1
97979, 1
97980, 1
97981, 2
97983, 1
97985, 1
97992, 1
97994, 1
97996, 1
98000, 1
98006, 2
98014, 1
98016, 1
98018, 1
98020, 1
98021, 1
98025, 1
98026, 2
98027, 1
98029, 1
98031, 1
98032, 1
98033, 1
98035, 2
98040, 2
98041, 1
98045, 1
98054, 1
98056, 1
98058, 4
98062, 1
98063, 1
98064, 1
98065, 1
98067, 1
98068, 1
98071, 1
98073, 1
98074, 1
98076, 1
98079, 1
98082, 1
98094, 2
98103, 1
98105, 1
98107, 2
98110, 2
98113, 1
98114, 1
98118, 2
98119, 1
98121, 1
98122, 3
98127, 1
98128, 1
98129, 2
98133, 1
98143, 1
98146, 1
98148, 1
98156, 1
98158, 1
98160, 1
98167, 1
98173, 1
98181, 1
98182, 1
98186, 1
98192, 1
98193, 1
98194, 1
98197, 1
98198, 1
98205, 1
98214, 1
98216, 1
98221, 1
98222, 1
98225, 1
98226, 1
98228, 1
98231, 1
98233, 2
98234, 3
98236, 2
98244, 1
98245, 1
98251, 1
98254, 1
98255, 1
98256, 1
98258, 1
98264, 1
98267, 1
98273, 1
98275, 1
98276, 1
98281, 1
98286, 1
98291, 1
98297, 1
98298, 2
98299, 1
98300, 1
98302, 1
98303, 1
98307, 1
98314, 1
98315, 2
98316, 2
98317, 2
98320, 1
98322, 1
98323, 1
98325, 1
98326, 1
98327, 1
98328, 1
98330, 2
98331, 1
98332, 1
98333, 1
98335, 2
98336, 1
98339, 1
98340, 1
98344, 1
98347, 1
98348, 1
98349, 1
98356, 1
98359, 1
98367, 2
98368, 3
98372, 1
98375, 2
98379, 1
98382, 1
98383, 1
98384, 1
98386, 1
98391, 1
98393, 1
98394, 2
98398, 1
98399, 1
98402, 1
98403, 1
98406, 1
98408, 1
98409, 1
98411, 1
98414, 1
98418, 1
98419, 1
98420, 4
98424, 2
98429, 1
98433, 1
98435, 2
98438, 1
98439, 2
98443, 2
98447, 1
98448, 1
98449, 2
98453, 1
98456, 1
98459, 1
98463, 1
98467, 2
98471, 1
98473, 1
98476, 1
98477, 1
98480, 1
98482, 2
98484, 1
98485, 1
98490, 2
98492, 1
98495, 1
98496, 1
98499, 1
98500, 2
98502, 1
98503, 1
98507, 1
98508, 1
98509, 1
98510, 1
98511, 1
98512, 1
98515, 1
98518, 2
98519, 1
98521, 1
98523, 1
98524, 1
98529, 1
98530, 2
98535, 1
98536, 1
98538, 1
98543, 1
98545, 1
98546, 1
98552, 2
98554, 1
98555, 2
98557, 1
98559, 1
98563, 1
98564, 1
98574, 1
98577, 1
98581, 2
98583, 2
98588, 2
98590, 1
98595, 1
98599, 1
98603, 1
98605, 1
98606, 1
98607, 2
98608, 3
98614, 1
98616, 1
98617, 1
98620, 2
98622, 1
98625, 1
98627, 1
98628, 2
98629, 1
98631, 2
98635, 1
98638, 2
98639, 1
98646, 2
98648, 1
98649, 2
98651, 1
98660, 1
98661, 1
98664, 1
98667, 1
98669, 2
98670, 1
98675, 1
98676, 1
98677, 1
98678, 1
98679, 1
98680, 2
98683, 1
98688, 1
98689, 2
98691, 1
98699, 1
98701, 1
98702, 2
98703, 1
98707, 1
98708, 1
98709, 2
98710, 1
98711, 1
98712, 2
98718, 1
98720, 2
98722, 2
98726, 1
98728, 1
98730, 1
98731, 1
98732, 1
98739, 1
98741, 1
98744, 1
98746, 1
98748, 2
98750, 1
98751, 1
98754, 1
98756, 2
98770, 1
98771, 1
98774, 1
98778, 1
98784, 1
98785, 1
98788, 1
98793, 1
98799, 1
98800, 1
98803, 1
98808, 1
98809, 2
98810, 2
98812, 2
98818, 1
98821, 2
98823, 1
98825, 1
98826, 1
98827, 2
98837, 1
98845, 1
98848, 1
98850, 1
98851, 2
98855, 1
98857, 1
98864, 1
98866, 1
98872, 1
98876, 1
98878, 1
98882, 2
98883, 1
98887, 1
98888, 1
98889, 1
98897, 1
98898, 1
98899, 1
98900, 1
98902, 1
98903, 2
98907, 2
98908, 1
98911, 1
98913, 1
98919, 1
98920, 1
98922, 1
98925, 1
98927, 2
98930, 1
98939, 1
98942, 1
98944, 1
98948, 1
98954, 1
98955, 2
98960, 1
98962, 1
98964, 2
98965, 1
98971, 1
98972, 1
98973, 1
98974, 2
98978, 1
98983, 1
98987, 1
98988, 1
98991, 1
98993, 1
99000, 1
99005, 1
99008, 2
99014, 1
99015, 1
99020, 1
99021, 1
99022, 1
99023, 1
99027, 2
99029, 1
99032, 1
99036, 1
99040, 1
99042, 2
99043, 1
99044, 1
99045, 1
99047, 1
99048, 1
99051, 1
99054, 1
99059, 1
99062, 1
99064, 1
99065, 1
99067, 1
99073, 1
99079, 1
99080, 1
99083, 1
99085, 1
99088, 1
99091, 1
99097, 1
99100, 1
99101, 1
99103, 1
99106, 1
99108, 1
99110, 1
99115, 2
99118, 1
99124, 1
99126, 1
99128, 1
99130, 1
99133, 1
99134, 1
99135, 1
99137, 2
99138, 1
99139, 1
99143, 1
99144, 1
99147, 1
99152, 1
99153, 1
99158, 1
99160, 1
99164, 1
99171, 1
99174, 2
99176, 1
99189, 2
99190, 2
99195, 1
99198, 1
99201, 1
99202, 1
99205, 1
99208, 1
99209, 1
99213, 1
99215, 1
99221, 2
99229, 1
99230, 1
99232, 1
99233, 3
99234, 2
99236, 2
99239, 1
99240, 1
99241, 1
99242, 2
99243, 1
99244, 1
99246, 1
99253, 2
99254, 1
99255, 3
99256, 1
99257, 2
99261, 1
99264, 1
99266, 1
99272, 1
99273, 1
99275, 1
99276, 1
99278, 1
99280, 1
99284, 1
99285, 1
99289, 1
99290, 1
99291, 1
99295, 4
99296, 1
99300, 1
99301, 1
99303, 1
99307, 1
99308, 1
99309, 1
99312, 1
99314, 1
99318, 1
99319, 1
99322, 1
99325, 1
99328, 1
99330, 1
99333, 1
99342, 2
99344, 1
99355, 1
99360, 1
99372, 3
99374, 1
99375, 1
99376, 1
99378, 1
99387, 1
99388, 1
99397, 1
99399, 1
99401, 1
99404, 1
99408, 1
99412, 1
99414, 2
99421, 1
99422, 1
99424, 1
99427, 1
99433, 1
99439, 2
99442, 2
99443, 1
99445, 1
99446, 1
99448, 1
99449, 1
99457, 1
99458, 1
99459, 1
99464, 1
99468, 1
99471, 1
99472, 1
99476, 1
99477, 1
99480, 1
99482, 1
99483, 1
99486, 1
99488, 2
99492, 1
99493, 1
99495, 1
99500, 1
99503, 1
99507, 1
99508, 1
99509, 2
99510, 1
99511, 1
99513, 1
99514, 1
99515, 2
99517, 2
99522, 1
99523, 1
99524, 1
99530, 2
99533, 1
99534, 1
99537, 1
99539, 1
99548, 1
99549, 1
99550, 1
99552, 1
99554, 1
99557, 1
99559, 1
99560, 1
99566, 1
99567, 1
99568, 4
99575, 1
99577, 1
99581, 1
99583, 1
99584, 1
99588, 1
99591, 2
99594, 1
99595, 1
99596, 1
99597, 1
99604, 1
99610, 1
99612, 1
99614, 1
99615, 1
99625, 1
99634, 1
99635, 1
99640, 1
99643, 1
99644, 1
99646, 2
99650, 1
99651, 1
99653, 1
99660, 2
99664, 1
99665, 1
99666, 1
99667, 1
99671, 1
99672, 1
99673, 1
99674, 1
99677, 1
99687, 1
99692, 1
99693, 2
99694, 1
99695, 1
99696, 1
99703, 1
99705, 1
99706, 1
99708, 1
99709, 1
99710, 1
99713, 1
99716, 1
99726, 1
99730, 1
99731, 1
99735, 1
99738, 1
99739, 1
99741, 1
99745, 3
99746, 1
99749, 1
99752, 1
99758, 2
99766, 2
99774, 1
99777, 1
99778, 2
99779, 1
99781, 1
99782, 1
99783, 1
99784, 2
99788, 1
99792, 1
99793, 1
99801, 1
99807, 1
99812, 1
99814, 1
99816, 1
99818, 1
99820, 1
99827, 1
99828, 1
99833, 1
99834, 1
99841, 1
99846, 2
99852, 2
99855, 1
99856, 1
99858, 1
99859, 1
99860, 1
99861, 2
99862, 1
99863, 1
99867, 1
99869, 1
99871, 1
99875, 1
99878, 2
99888, 1
99889, 1
99894, 1
99898, 1
99899, 2
99900, 1
99901, 2
99909, 2
99910, 1
99912, 1
99919, 1
99922, 1
99926, 1
99929, 1
99933, 1
99934, 1
99935, 2
99958, 1
99967, 2
99975, 1
99979, 1
99980, 1
99983, 1
99984, 1
99987, 1
99995, 1
99996, 2
99998, 1
99999, 1
100003, 1
100006, 1
100007, 1
100011, 1
100012, 1
100013, 1
100018, 1
100023, 1
100026, 1
100029, 1
100030, 1
100032, 2
100033, 2
100035, 1
100041, 1
100042, 1
100047, 2
100052, 1
100060, 1
100066, 1
100072, 1
100074, 1
100077, 1
100078, 2
100080, 1
100084, 1
100090, 1
100091, 1
100092, 1
100096, 2
100099, 1
100104, 1
100108, 1
100110, 2
100119, 1
100120, 1
100122, 1
100125, 1
100126, 1
100127, 1
100130, 1
100132, 1
100133, 1
100135, 1
100144, 1
100145, 1
100146, 1
100148, 2
100152, 1
100153, 1
100154, 1
100156, 2
100162, 1
100164, 1
100176, 1
100185, 1
100186, 1
100191, 1
100192, 1
100193, 1
100194, 1
100200, 1
100203, 1
100213, 1
100215, 1
100216, 1
100221, 1
100222, 1
100224, 2
100225, 1
100229, 1
100236, 2
100237, 2
100238, 1
100242, 1
100244, 1
100251, 1
100252, 2
100255, 1
100264, 1
100265, 4
100268, 1
100270, 1
100272, 1
100273, 2
100278, 2
100282, 1
100290, 1
100291, 1
100293, 1
100294, 1
100297, 1
100302, 1
100303, 1
100309, 1
100311, 1
100313, 2
100319, 1
100320, 3
100327, 1
100329, 1
100338, 1
100341, 1
100347, 1
100349, 1
100355, 1
100356, 1
100364, 1
100365, 1
100366, 1
100371, 1
100374, 1
100378, 1
100379, 1
100380, 1
100381, 1
100382, 2
100389, 1
100397, 1
100398, 1
100400, 1
100403, 1
100412, 1
100413, 1
100417, 1
100422, 2
100427, 1
100435, 1
100436, 1
100437, 2
100439, 2
100441, 1
100445, 1
100449, 1
100453, 1
100454, 2
100456, 1
100461, 1
100467, 1
100468, 2
100469, 1
100480, 1
100485, 1
100487, 1
100489, 1
100492, 1
100500, 1
100507, 1
100510, 1
100516, 1
100518, 2
100519, 2
100522, 1
100523, 1
100527, 1
100529, 1
100534, 1
100540, 1
100543, 2
100547, 2
100552, 1
100555, 1
100557, 1
100561, 1
100562, 1
100563, 1
100566, 1
100567, 1
100571, 1
100572, 1
100573, 1
100578, 2
100587, 1
100592, 1
100594, 1
100596, 1
100601, 1
100602, 1
100606, 2
100613, 1
100616, 1
100617, 2
100620, 1
100622, 1
100625, 1
100629, 1
100630, 2
100631, 1
100635, 1
100641, 1
100648, 1
100651, 1
100652, 1
100656, 1
100659, 1
100669, 1
100671, 2
100675, 1
100676, 1
100677, 1
100680, 1
100681, 1
100690, 1
100691, 1
100709, 1
100712, 1
100715, 1
100717, 1
100719, 1
100721, 1
100724, 1
100727, 3
100729, 1
100734, 1
100736, 1
100738, 1
100740, 1
100742, 1
100744, 1
100747, 1
100749, 1
100751, 1
100752, 1
100759, 1
100761, 1
100766, 2
100770, 2
100772, 1
100779, 1
100783, 1
100784, 1
100785, 1
100786, 1
100787, 1
100790, 1
100795, 1
100797, 1
100799, 1
100801, 1
100802, 1
100806, 1
100809, 1
100815, 1
100823, 1
100825, 1
100826, 1
100831, 1
100835, 1
100838, 1
100841, 2
100846, 1
100849, 1
100850, 1
100851, 1
100852, 1
100853, 1
100857, 1
100859, 2
100860, 1
100864, 1
100866, 1
100868, 1
100873, 1
100881, 2
100886, 1
100887, 1
100889, 1
100891, 1
100895, 1
100898, 2
100900, 2
100902, 4
100904, 2
100911, 1
100912, 1
100917, 1
100918, 1
100921, 1
100922, 2
100927, 1
100928, 1
100940, 2
100941, 1
100942, 1
100957, 1
100958, 2
100963, 2
100969, 1
100975, 1
100979, 1
100985, 1
100986, 2
100987, 1
100991, 1
100993, 2
100994, 2
101000, 1
101002, 1
101003, 2
101006, 1
101008, 2
101016, 1
101018, 1
101019, 1
101024, 1
101029, 1
101032, 1
101036, 2
101039, 2
101043, 2
101045, 1
101050, 2
101054, 1
101057, 1
101071, 2
101075, 1
101077, 1
101083, 1
101084, 1
101092, 1
101094, 2
101106, 2
101108, 1
101109, 1
101118, 1
101119, 1
101123, 1
101127, 1
101128, 1
101130, 1
101133, 1
101136, 1
101138, 1
101145, 1
101147, 1
101152, 1
101158, 1
101159, 1
101161, 1
101166, 1
101169, 1
101176, 1
101178, 2
101183, 1
101197, 1
101200, 1
101204, 1
101207, 1
101209, 1
101214, 1
101219, 1
101224, 1
101225, 1
101231, 1
101236, 1
101242, 1
101245, 1
101248, 1
101252, 1
101254, 1
101256, 1
101258, 1
101263, 1
101265, 1
101266, 1
101267, 1
101268, 1
101273, 2
101275, 1
101281, 1
101289, 1
101294, 1
101296, 1
101304, 1
101305, 1
101316, 1
101320, 2
101322, 2
101324, 2
101334, 1
101337, 1
101338, 1
101343, 1
101349, 1
101355, 1
101359, 1
101361, 1
101364, 1
101366, 1
101367, 1
101369, 1
101376, 1
101380, 2
101385, 1
101386, 2
101388, 1
101389, 1
101391, 1
101396, 1
101398, 1
101405, 1
101406, 1
101408, 2
101409, 1
101414, 1
101417, 1
101422, 1
101425, 1
101438, 1
101439, 1
101443, 1
101445, 1
101446, 1
101455, 1
101462, 1
101467, 1
101477, 1
101479, 1
101485, 1
101487, 1
101491, 1
101492, 1
101497, 1
101498, 1
101499, 1
101503, 1
101505, 1
101508, 1
101509, 1
101510, 1
101512, 1
101515, 1
101522, 1
101523, 1
101528, 1
101531, 1
101533, 1
101539, 1
101543, 1
101562, 1
101565, 2
101567, 1
101568, 1
101569, 1
101571, 2
101572, 1
101573, 1
101574, 1
101582, 1
101584, 1
101585, 1
101594, 1
101598, 3
101600, 2
101602, 1
101604, 1
101612, 1
101615, 2
101618, 1
101619, 1
101625, 1
101631, 1
101638, 1
101643, 1
101654, 1
101667, 1
101675, 1
101682, 1
101687, 1
101700, 1
101712, 1
101719, 1
101720, 1
101722, 1
101725, 1
101730, 2
101735, 1
101738, 1
101744, 2
101747, 1
101750, 1
101752, 3
101753, 3
101760, 1
101766, 1
101770, 1
101775, 1
101777, 1
101782, 1
101783, 1
101785, 1
101788, 1
101794, 1
101797, 1
101807, 2
101812, 1
101813, 1
101815, 1
101817, 1
101818, 1
101819, 1
101824, 1
101835, 1
101839, 1
101842, 2
101843, 1
101846, 1
101849, 1
101857, 1
101858, 1
101861, 1
101862, 1
101864, 1
101868, 1
101878, 1
101884, 1
101886, 1
101887, 1
101893, 1
101897, 1
101898, 1
101901, 1
101905, 1
101914, 1
101923, 1
101925, 1
101926, 1
101929, 1
101933, 1
101937, 1
101943, 1
101946, 1
101951, 1
101955, 1
101958, 1
101965, 1
101966, 1
101968, 1
101970, 1
101972, 1
101987, 1
101988, 1
101997, 1
101998, 1
102004, 2
102008, 2
102014, 1
102023, 2
102027, 1
102028, 2
102033, 1
102034, 1
102040, 1
102052, 1
102053, 1
102054, 2
102059, 1
102069, 1
102078, 1
102082, 1
102086, 1
102098, 1
102111, 1
102113, 1
102125, 1
102131, 1
102136, 1
102137, 1
102139, 1
102146, 1
102149, 1
102152, 1
102153, 1
102157, 1
102160, 2
102164, 1
102168, 1
102172, 1
102173, 1
102176, 1
102179, 1
102181, 1
102184, 1
102188, 1
102189, 1
102190, 1
102193, 1
102195, 1
102196, 1
102200, 1
102210, 1
102212, 1
102213, 1
102214, 1
102218, 1
102229, 1
102235, 1
102236, 1
102238, 1
102240, 1
102241, 1
102245, 1
102247, 2
102255, 1
102262, 1
102271, 1
102273, 1
102275, 1
102277, 1
102279, 1
102285, 1
102290, 1
102293, 1
102297, 1
102301, 1
102304, 1
102308, 1
102314, 1
102317, 1
102323, 1
102331, 1
102332, 1
102334, 1
102340, 1
102342, 1
102343, 1
102348, 1
102350, 1
102352, 1
102356, 1
102358, 1
102361, 1
102362, 1
102369, 1
102373, 1
102375, 1
102379, 1
102386, 2
102390, 1
102394, 1
102400, 1
102401, 1
102408, 1
102412, 1
102420, 1
102423, 3
102424, 2
102425, 1
102426, 1
102427, 1
102429, 1
102431, 2
102439, 1
102445, 1
102446, 1
102449, 1
102452, 1
102453, 1
102456, 1
102463, 1
102464, 1
102468, 1
102472, 2
102483, 1
102487, 1
102489, 1
102493, 1
102501, 1
102502, 2
102506, 2
102507, 1
102510, 1
102512, 1
102517, 1
102520, 1
102524, 1
102525, 2
102528, 1
102537, 1
102540, 2
102544, 1
102545, 1
102549, 2
102551, 1
102556, 1
102561, 1
102563, 1
102568, 1
102569, 1
102570, 2
102576, 1
102579, 1
102585, 1
102588, 1
102593, 1
102594, 1
102595, 1
102596, 1
102601, 1
102610, 1
102612, 1
102619, 1
102627, 2
102630, 1
102631, 1
102632, 2
102636, 1
102637, 1
102640, 1
102642, 2
102644, 1
102646, 1
102656, 1
102660, 1
102661, 1
102666, 1
102675, 1
102676, 1
102679, 2
102682, 1
102689, 1
102696, 1
102701, 2
102704, 1
102705, 1
102706, 1
102707, 1
102709, 1
102719, 1
102726, 1
102730, 1
102731, 2
102732, 2
102741, 1
102743, 1
102753, 1
102761, 1
102769, 1
102774, 1
102786, 1
102788, 1
102795, 1
102799, 1
102804, 1
102809, 1
102813, 1
102822, 2
102823, 1
102826, 2
102829, 1
102837, 1
102842, 1
102847, 1
102866, 1
102869, 2
102870, 1
102872, 1
102874, 1
102900, 1
102906, 1
102907, 1
102916, 1
102917, 1
102921, 1
102936, 1
102937, 1
102954, 2
102962, 1
102968, 1
102971, 1
102975, 1
102978, 1
102979, 1
102986, 1
102990, 1
102991, 1
102998, 1
103001, 1
103007, 1
103011, 1
103015, 1
103021, 1
103022, 1
103024, 1
103032, 1
103037, 1
103039, 1
103044, 1
103046, 1
103051, 1
103052, 1
103055, 1
103059, 1
103063, 1
103065, 1
103067, 2
103068, 1
103075, 1
103076, 1
103083, 1
103085, 1
103091, 2
103092, 1
103093, 1
103098, 1
103107, 1
103108, 1
103109, 1
103112, 1
103113, 1
103119, 1
103123, 2
103124, 1
103125, 1
103126, 1
103134, 1
103137, 1
103143, 1
103145, 2
103147, 1
103154, 1
103156, 1
103158, 1
103162, 3
103165, 2
103187, 1
103189, 1
103196, 1
103201, 1
103206, 1
103210, 2
103215, 1
103224, 1
103228, 1
103230, 1
103233, 1
103235, 1
103262, 2
103268, 1
103273, 3
103277, 1
103280, 1
103290, 1
103293, 1
103297, 1
103298, 1
103301, 1
103307, 1
103309, 1
103314, 1
103326, 1
103328, 1
103331, 1
103332, 1
103334, 1
103352, 1
103357, 1
103372, 3
103374, 1
103375, 1
103384, 1
103386, 1
103388, 1
103396, 1
103400, 1
103403, 1
103404, 1
103408, 2
103410, 2
103413, 1
103421, 1
103425, 1
103431, 1
103432, 1
103448, 1
103457, 1
103467, 1
103473, 1
103475, 1
103480, 1
103486, 1
103489, 2
103490, 1
103491, 1
103499, 1
103500, 1
103503, 1
103504, 1
103506, 1
103513, 2
103515, 1
103517, 1
103522, 1
103532, 1
103533, 1
103536, 1
103538, 1
103540, 1
103546, 1
103547, 1
103551, 1
103554, 1
103559, 1
103560, 1
103567, 1
103571, 1
103583, 1
103596, 1
103597, 1
103611, 1
103613, 1
103617, 1
103618, 1
103624, 1
103631, 1
103632, 1
103637, 2
103643, 1
103646, 1
103647, 1
103652, 1
103654, 1
103656, 1
103660, 1
103674, 1
103675, 1
103676, 1
103680, 1
103683, 1
103690, 1
103698, 2
103711, 1
103713, 1
103719, 1
103732, 1
103733, 1
103736, 1
103751, 1
103755, 1
103765, 1
103778, 1
103780, 1
103785, 1
103792, 1
103793, 1
103804, 1
103806, 1
103813, 1
103824, 1
103829, 1
103831, 1
103835, 1
103841, 1
103845, 1
103852, 1
103854, 1
103867, 1
103874, 1
103877, 1
103883, 1
103884, 1
103886, 1
103891, 1
103894, 1
103899, 1
103905, 1
103910, 1
103912, 1
103913, 1
103914, 1
103926, 1
103932, 1
103933, 1
103936, 1
103937, 1
103938, 1
103949, 2
103957, 1
103959, 1
103962, 1
103967, 1
103970, 1
103971, 1
103978, 1
103987, 1
103990, 1
103994, 1
103999, 1
104001, 1
104002, 1
104013, 1
104016, 1
104018, 1
104021, 1
104023, 1
104033, 1
104035, 1
104039, 1
104055, 1
104059, 1
104073, 1
104075, 1
104103, 1
104104, 1
104108, 1
104110, 1
104113, 1
104116, 1
104134, 1
104136, 1
104141, 1
104148, 1
104151, 2
104152, 1
104155, 2
104158, 1
104160, 1
104161, 1
104171, 1
104184, 1
104191, 1
104198, 1
104205, 1
104210, 1
104220, 1
104222, 1
104226, 1
104227, 1
104235, 1
104240, 1
104247, 2
104248, 1
104259, 2
104263, 1
104265, 1
104270, 1
104278, 1
104284, 1
104290, 1
104296, 1
104298, 2
104300, 1
104312, 1
104313, 1
104316, 1
104322, 1
104330, 1
104333, 1
104335, 2
104352, 1
104357, 1
104365, 1
104366, 1
104370, 1
104372, 1
104379, 1
104381, 1
104388, 1
104402, 2
104407, 1
104409, 1
104410, 1
104417, 1
104422, 1
104429, 1
104438, 1
104444, 2
104446, 1
104454, 1
104457, 1
104465, 1
104476, 1
104489, 1
104497, 1
104498, 1
104524, 1
104531, 1
104532, 1
104534, 2
104541, 1
104547, 1
104554, 1
104560, 1
104564, 2
104568, 1
104578, 1
104580, 1
104584, 1
104591, 1
104592, 1
104614, 1
104627, 1
104630, 1
104638, 1
104640, 2
104651, 1
104668, 1
104683, 2
104691, 1
104693, 1
104704, 1
104715, 1
104728, 1
104742, 1
104750, 2
104759, 1
104761, 1
104771, 1
104774, 1
104781, 1
104790, 1
104797, 2
104824, 1
104825, 2
104831, 1
104835, 1
104836, 1
104842, 1
104846, 1
104847, 1
104850, 1
104852, 1
104873, 1
104874, 1
104880, 1
104883, 1
104897, 1
104902, 1
104905, 1
104906, 1
104917, 1
104920, 1
104927, 1
104936, 1
104942, 1
104951, 1
104957, 1
104968, 1
104981, 1
104982, 1
104989, 1
104994, 1
104998, 1
105005, 1
105011, 2
105017, 1
105019, 1
105036, 1
105039, 2
105040, 1
105044, 1
105050, 1
105058, 1
105064, 1
105090, 1
105091, 1
105094, 1
105099, 1
105110, 1
105120, 1
105128, 1
105131, 1
105134, 1
105144, 1
105147, 1
105148, 1
105153, 1
105155, 1
105159, 1
105168, 1
105169, 1
105176, 1
105185, 1
105188, 1
105189, 1
105204, 1
105205, 1
105206, 1
105212, 1
105225, 1
105252, 1
105254, 2
105256, 1
105268, 2
105281, 1
105290, 1
105291, 1
105309, 1
105315, 1
105318, 1
105321, 1
105325, 2
105327, 1
105335, 1
105356, 1
105358, 1
105366, 1
105398, 1
105414, 1
105417, 1
105427, 1
105437, 1
105444, 1
105445, 1
105453, 1
105461, 1
105468, 1
105475, 1
105482, 1
105490, 1
105492, 1
105497, 1
105499, 1
105508, 1
105526, 1
105527, 1
105549, 1
105552, 1
105553, 1
105564, 2
105565, 1
105567, 1
105568, 1
105571, 1
105585, 1
105592, 1
105652, 1
105658, 1
105660, 1
105671, 1
105672, 1
105687, 1
105694, 1
105716, 1
105718, 2
105728, 1
105745, 2
105765, 2
105769, 1
105780, 1
105802, 1
105804, 1
105813, 1
105816, 1
105833, 1
105844, 1
105846, 1
105847, 1
105853, 1
105876, 1
105878, 1
105888, 1
105896, 2
105933, 2
105966, 1
105970, 2
105973, 1
105986, 1
105991, 2
105997, 1
106004, 1
106006, 1
106009, 1
106048, 1
106051, 1
106058, 1
106072, 1
106075, 1
106078, 1
106079, 1
106093, 1
106109, 1
106127, 1
106132, 1
106135, 1
106139, 1
106170, 1
106171, 1
106175, 1
106184, 1
106187, 1
106198, 1
106204, 1
106208, 1
106226, 1
106258, 1
106261, 1
106273, 1
106285, 1
106296, 1
106297, 1
106302, 1
106305, 1
106306, 1
106317, 1
106320, 1
106326, 1
106327, 1
106336, 1
106348, 1
106366, 1
106393, 1
106411, 1
106414, 1
106438, 1
106444, 1
106454, 1
106456, 1
106478, 1
106486, 2
106492, 1
106496, 1
106507, 1
106515, 1
106516, 1
106520, 1
106521, 1
106541, 1
106567, 1
106602, 1
106620, 1
106623, 1
106645, 1
106648, 1
106650, 1
106673, 1
106683, 1
106695, 1
106697, 1
106716, 1
106724, 1
106726, 1
106733, 1
106738, 1
106739, 1
106746, 1
106747, 1
106748, 1
106754, 1
106756, 1
106764, 1
106766, 1
106770, 1
106775, 1
106782, 1
106806, 1
106820, 1
106838, 1
106845, 1
106851, 1
106854, 1
106858, 1
106864, 1
106865, 1
106868, 1
106882, 2
106900, 1
106910, 1
106920, 1
106944, 1
106956, 1
106970, 1
106990, 1
106991, 1
106993, 1
106997, 1
107012, 1
107016, 1
107040, 1
107042, 1
107052, 1
107057, 1
107063, 1
107088, 1
107134, 2
107148, 1
107164, 1
107182, 1
107185, 1
107193, 1
107196, 1
107202, 1
107211, 1
107230, 1
107233, 1
107235, 1
107259, 1
107271, 1
107286, 1
107308, 1
107322, 1
107352, 1
107401, 1
107407, 1
107421, 1
107426, 2
107485, 1
107491, 1
107522, 2
107528, 1
107540, 1
107544, 1
107545, 1
107555, 1
107564, 1
107582, 1
107670, 2
107690, 1
107721, 1
107771, 1
107779, 1
107812, 1
107822, 1
107837, 1
107858, 1
107886, 1
107900, 1
107907, 1
107931, 1
107974, 1
107996, 1
107998, 2
108055, 1
108072, 1
108085, 1
108090, 1
108114, 1
108136, 1
108168, 1
108212, 1
108264, 1
108268, 1
108275, 1
108287, 1
108294, 1
108320, 1
108380, 1
108391, 1
108392, 1
108400, 1
108443, 1
108456, 1
108470, 1
108473, 1
108542, 1
108546, 1
108549, 1
108563, 1
108588, 1
108592, 1
108665, 1
108681, 1
108695, 1
108700, 1
108709, 1
108738, 1
108765, 1
108768, 1
108773, 1
108857, 1
108858, 1
108921, 1
108947, 1
108961, 1
108980, 1
109019, 1
109047, 1
109097, 1
109103, 1
109116, 1
109145, 1
109194, 1
109250, 1
109251, 1
109304, 1
109309, 1
109323, 1
109352, 1
109395, 1
109404, 1
109415, 1
109431, 1
109480, 1
109493, 1
109503, 2
109526, 1
109541, 1
109566, 1
109578, 1
109599, 1
109673, 1
109680, 1
109691, 1
109707, 1
109719, 1
109720, 1
109732, 1
109786, 1
109889, 1
109892, 1
109914, 1
109957, 1
109963, 1
109968, 1
109994, 1
110002, 1
110017, 1
110096, 1
110104, 1
110151, 1
110157, 1
110215, 1
110222, 1
110253, 1
110276, 1
110281, 1
110300, 1
110308, 1
110315, 1
110328, 1
110403, 1
110430, 1
110447, 1
110483, 1
110492, 1
110538, 1
110569, 1
110579, 1
110604, 1
110629, 1
110667, 1
110703, 1
110771, 1
110788, 1
110824, 1
110849, 1
110904, 1
110910, 1
110973, 1
110998, 1
111057, 1
111070, 1
111093, 1
111112, 1
111138, 1
111185, 1
111276, 1
111314, 1
111600, 1
111706, 1
111722, 1
111725, 1
111897, 1
111905, 1
111964, 1
111971, 1
111976, 1
112004, 1
112247, 1
112342, 1
112368, 1
112403, 1
112471, 1
112498, 1
112518, 1
112547, 1
112574, 1
112620, 1
112674, 1
112756, 1
113261, 1
113555, 1
113571, 1
113583, 1
113670, 1
113799, 1
114011, 1
114070, 1
114128, 1
114156, 1
114650, 1
114882, 1
114937, 1
114948, 1
115062, 1
115148, 1
115305, 1
115427, 1
115741, 1
116202, 1
116518, 1
116903, 1
118834, 1
122508, 1
